date,municipio_ibge6,t_esquizofrenicos,t_psicoticos,t_depressao,t_ansiedade,t_estresse,t_comportamentais,abusos_substancias,total,t_esquizofrenicos_jovens,t_psicoticos_jovens,t_depressao_jovens,t_ansiedade_jovens,t_estresse_jovens,t_comportamentais_jovens,abusos_substancias_jovens,total_jovens
2020-12-01,110002,4.0,5.0,5.0,0.0,0.0,0.0,1.0,15.0,0.0,2.0,3.0,0.0,0.0,0.0,0.0,5.0
2020-12-01,110004,0.0,0.0,0.0,1.0,0.0,0.0,2.0,3.0,0.0,0.0,0.0,0.0,0.0,0.0,0.0,0.0
2020-12-01,110015,2.0,0.0,0.0,0.0,0.0,0.0,1.0,3.0,2.0,0.0,0.0,0.0,0.0,0.0,0.0,2.0
2020-12-01,110020,18.0,1.0,10.0,0.0,0.0,0.0,5.0,34.0,6.0,0.0,5.0,0.0,0.0,0.0,3.0,14.0
2020-12-01,110028,1.0,2.0,0.0,1.0,0.0,0.0,2.0,6.0,0.0,1.0,0.0,0.0,0.0,0.0,0.0,1.0
2020-12-01,110030,3.0,0.0,13.0,0.0,0.0,0.0,1.0,17.0,1.0,0.0,7.0,0.0,0.0,0.0,1.0,9.0
2020-12-01,110145,0.0,0.0,1.0,2.0,0.0,0.0,1.0,4.0,0.0,0.0,1.0,2.0,0.0,0.0,0.0,3.0
2020-12-01,110148,0.0,0.0,0.0,0.0,0.0,0.0,1.0,1.0,0.0,0.0,0.0,0.0,0.0,0.0,0.0,0.0
2020-12-01,120001,0.0,0.0,0.0,0.0,0.0,0.0,1.0,1.0,0.0,0.0,0.0,0.0,0.0,0.0,0.0,0.0
2020-12-01,120020,2.0,0.0,1.0,0.0,0.0,0.0,1.0,4.0,1.0,0.0,1.0,0.0,0.0,0.0,1.0,3.0
2020-12-01,120040,0.0,0.0,10.0,0.0,0.0,0.0,7.0,17.0,0.0,0.0,8.0,0.0,0.0,0.0,3.0,11.0
2020-12-01,120042,0.0,0.0,0.0,0.0,0.0,0.0,1.0,1.0,0.0,0.0,0.0,0.0,0.0,0.0,0.0,0.0
2020-12-01,130190,0.0,0.0,0.0,0.0,0.0,0.0,1.0,1.0,0.0,0.0,0.0,0.0,0.0,0.0,0.0,0.0
2020-12-01,130260,8.0,27.0,0.0,0.0,0.0,0.0,3.0,38.0,2.0,14.0,0.0,0.0,0.0,0.0,3.0,19.0
2020-12-01,130340,0.0,0.0,0.0,0.0,0.0,0.0,1.0,1.0,0.0,0.0,0.0,0.0,0.0,0.0,0.0,0.0
2020-12-01,130410,0.0,0.0,0.0,0.0,0.0,0.0,1.0,1.0,0.0,0.0,0.0,0.0,0.0,0.0,0.0,0.0
2020-12-01,150080,4.0,15.0,0.0,0.0,0.0,0.0,1.0,20.0,2.0,3.0,0.0,0.0,0.0,0.0,0.0,5.0
2020-12-01,150140,13.0,43.0,2.0,0.0,0.0,0.0,6.0,64.0,2.0,9.0,1.0,0.0,0.0,0.0,4.0,16.0
2020-12-01,150180,0.0,2.0,0.0,0.0,0.0,0.0,1.0,3.0,0.0,0.0,0.0,0.0,0.0,0.0,0.0,0.0
2020-12-01,150240,1.0,8.0,0.0,0.0,0.0,0.0,1.0,10.0,1.0,4.0,0.0,0.0,0.0,0.0,0.0,5.0
2020-12-01,150275,0.0,1.0,0.0,0.0,0.0,0.0,1.0,2.0,0.0,0.0,0.0,0.0,0.0,0.0,1.0,1.0
2020-12-01,150295,1.0,0.0,0.0,0.0,0.0,0.0,1.0,2.0,0.0,0.0,0.0,0.0,0.0,0.0,1.0,1.0
2020-12-01,150304,0.0,0.0,0.0,0.0,0.0,0.0,2.0,2.0,0.0,0.0,0.0,0.0,0.0,0.0,0.0,0.0
2020-12-01,150320,0.0,0.0,0.0,0.0,0.0,0.0,1.0,1.0,0.0,0.0,0.0,0.0,0.0,0.0,1.0,1.0
2020-12-01,150420,1.0,1.0,0.0,0.0,0.0,0.0,1.0,3.0,0.0,1.0,0.0,0.0,0.0,0.0,1.0,2.0
2020-12-01,150590,0.0,0.0,0.0,0.0,0.0,0.0,1.0,1.0,0.0,0.0,0.0,0.0,0.0,0.0,1.0,1.0
2020-12-01,150840,0.0,1.0,0.0,0.0,0.0,0.0,1.0,2.0,0.0,0.0,0.0,0.0,0.0,0.0,0.0,0.0
2020-12-01,160027,0.0,0.0,0.0,0.0,0.0,0.0,4.0,4.0,0.0,0.0,0.0,0.0,0.0,0.0,1.0,1.0
2020-12-01,160080,0.0,0.0,0.0,0.0,0.0,0.0,1.0,1.0,0.0,0.0,0.0,0.0,0.0,0.0,0.0,0.0
2020-12-01,170200,0.0,0.0,0.0,0.0,0.0,0.0,1.0,1.0,0.0,0.0,0.0,0.0,0.0,0.0,0.0,0.0
2020-12-01,170210,4.0,4.0,2.0,0.0,0.0,0.0,6.0,16.0,1.0,1.0,2.0,0.0,0.0,0.0,0.0,4.0
2020-12-01,170240,1.0,0.0,0.0,0.0,0.0,0.0,1.0,2.0,1.0,0.0,0.0,0.0,0.0,0.0,0.0,1.0
2020-12-01,170270,0.0,0.0,0.0,0.0,0.0,0.0,1.0,1.0,0.0,0.0,0.0,0.0,0.0,0.0,1.0,1.0
2020-12-01,170370,0.0,1.0,0.0,0.0,0.0,0.0,1.0,2.0,0.0,0.0,0.0,0.0,0.0,0.0,0.0,0.0
2020-12-01,170950,1.0,0.0,0.0,0.0,0.0,0.0,6.0,7.0,0.0,0.0,0.0,0.0,0.0,0.0,3.0,3.0
2020-12-01,171575,0.0,0.0,0.0,0.0,0.0,0.0,1.0,1.0,0.0,0.0,0.0,0.0,0.0,0.0,1.0,1.0
2020-12-01,171630,0.0,0.0,0.0,0.0,0.0,0.0,1.0,1.0,0.0,0.0,0.0,0.0,0.0,0.0,1.0,1.0
2020-12-01,171820,2.0,2.0,2.0,0.0,0.0,0.0,6.0,12.0,0.0,1.0,1.0,0.0,0.0,0.0,0.0,2.0
2020-12-01,172090,0.0,1.0,0.0,0.0,0.0,0.0,1.0,2.0,0.0,0.0,0.0,0.0,0.0,0.0,0.0,0.0
2020-12-01,172100,0.0,13.0,0.0,0.0,0.0,0.0,1.0,14.0,0.0,7.0,0.0,0.0,0.0,0.0,1.0,8.0
2020-12-01,172120,0.0,0.0,0.0,0.0,0.0,0.0,1.0,1.0,0.0,0.0,0.0,0.0,0.0,0.0,1.0,1.0
2020-12-01,210005,2.0,1.0,0.0,0.0,0.0,0.0,1.0,4.0,1.0,0.0,0.0,0.0,0.0,0.0,1.0,2.0
2020-12-01,210043,3.0,0.0,0.0,0.0,0.0,0.0,2.0,5.0,0.0,0.0,0.0,0.0,0.0,0.0,1.0,1.0
2020-12-01,210047,1.0,1.0,0.0,0.0,0.0,0.0,3.0,5.0,0.0,0.0,0.0,0.0,0.0,0.0,0.0,0.0
2020-12-01,210060,0.0,0.0,0.0,0.0,0.0,0.0,1.0,1.0,0.0,0.0,0.0,0.0,0.0,0.0,0.0,0.0
2020-12-01,210083,0.0,0.0,0.0,0.0,0.0,0.0,1.0,1.0,0.0,0.0,0.0,0.0,0.0,0.0,0.0,0.0
2020-12-01,210087,0.0,0.0,0.0,0.0,0.0,0.0,2.0,2.0,0.0,0.0,0.0,0.0,0.0,0.0,1.0,1.0
2020-12-01,210090,1.0,0.0,0.0,0.0,0.0,0.0,1.0,2.0,0.0,0.0,0.0,0.0,0.0,0.0,0.0,0.0
2020-12-01,210095,0.0,0.0,0.0,0.0,0.0,0.0,1.0,1.0,0.0,0.0,0.0,0.0,0.0,0.0,0.0,0.0
2020-12-01,210110,1.0,0.0,0.0,0.0,0.0,0.0,1.0,2.0,0.0,0.0,0.0,0.0,0.0,0.0,0.0,0.0
2020-12-01,210120,1.0,2.0,1.0,0.0,0.0,0.0,4.0,8.0,0.0,0.0,1.0,0.0,0.0,0.0,2.0,3.0
2020-12-01,210125,2.0,1.0,0.0,0.0,0.0,0.0,1.0,4.0,1.0,0.0,0.0,0.0,0.0,0.0,0.0,1.0
2020-12-01,210130,0.0,0.0,0.0,0.0,0.0,0.0,1.0,1.0,0.0,0.0,0.0,0.0,0.0,0.0,0.0,0.0
2020-12-01,210160,3.0,0.0,0.0,0.0,0.0,0.0,4.0,7.0,1.0,0.0,0.0,0.0,0.0,0.0,2.0,3.0
2020-12-01,210170,0.0,0.0,0.0,0.0,0.0,0.0,2.0,2.0,0.0,0.0,0.0,0.0,0.0,0.0,0.0,0.0
2020-12-01,210200,0.0,0.0,0.0,0.0,0.0,0.0,1.0,1.0,0.0,0.0,0.0,0.0,0.0,0.0,1.0,1.0
2020-12-01,210220,0.0,0.0,0.0,0.0,0.0,0.0,1.0,1.0,0.0,0.0,0.0,0.0,0.0,0.0,1.0,1.0
2020-12-01,210230,0.0,0.0,0.0,0.0,0.0,0.0,1.0,1.0,0.0,0.0,0.0,0.0,0.0,0.0,0.0,0.0
2020-12-01,210250,1.0,0.0,1.0,0.0,0.0,0.0,1.0,3.0,0.0,0.0,0.0,0.0,0.0,0.0,0.0,0.0
2020-12-01,210310,0.0,0.0,0.0,0.0,0.0,0.0,1.0,1.0,0.0,0.0,0.0,0.0,0.0,0.0,0.0,0.0
2020-12-01,210320,2.0,0.0,0.0,0.0,0.0,0.0,1.0,3.0,0.0,0.0,0.0,0.0,0.0,0.0,0.0,0.0
2020-12-01,210330,4.0,3.0,0.0,0.0,0.0,0.0,4.0,11.0,1.0,2.0,0.0,0.0,0.0,0.0,3.0,6.0
2020-12-01,210340,1.0,0.0,0.0,0.0,0.0,0.0,4.0,5.0,1.0,0.0,0.0,0.0,0.0,0.0,1.0,2.0
2020-12-01,210360,2.0,0.0,0.0,0.0,0.0,0.0,2.0,4.0,2.0,0.0,0.0,0.0,0.0,0.0,1.0,3.0
2020-12-01,210405,0.0,0.0,0.0,0.0,0.0,0.0,1.0,1.0,0.0,0.0,0.0,0.0,0.0,0.0,1.0,1.0
2020-12-01,210455,0.0,0.0,0.0,0.0,0.0,0.0,1.0,1.0,0.0,0.0,0.0,0.0,0.0,0.0,0.0,0.0
2020-12-01,210460,0.0,1.0,0.0,0.0,0.0,0.0,1.0,2.0,0.0,0.0,0.0,0.0,0.0,0.0,1.0,1.0
2020-12-01,210465,0.0,1.0,1.0,0.0,0.0,0.0,3.0,5.0,0.0,0.0,0.0,0.0,0.0,0.0,0.0,0.0
2020-12-01,210480,1.0,0.0,0.0,0.0,0.0,0.0,1.0,2.0,0.0,0.0,0.0,0.0,0.0,0.0,0.0,0.0
2020-12-01,210500,1.0,0.0,0.0,0.0,0.0,0.0,1.0,2.0,0.0,0.0,0.0,0.0,0.0,0.0,1.0,1.0
2020-12-01,210510,0.0,0.0,0.0,0.0,0.0,0.0,1.0,1.0,0.0,0.0,0.0,0.0,0.0,0.0,1.0,1.0
2020-12-01,210515,0.0,0.0,0.0,0.0,0.0,0.0,2.0,2.0,0.0,0.0,0.0,0.0,0.0,0.0,1.0,1.0
2020-12-01,210530,2.0,1.0,0.0,0.0,0.0,0.0,5.0,8.0,0.0,1.0,0.0,0.0,0.0,0.0,1.0,2.0
2020-12-01,210540,4.0,1.0,0.0,0.0,0.0,0.0,2.0,7.0,0.0,0.0,0.0,0.0,0.0,0.0,1.0,1.0
2020-12-01,210560,0.0,1.0,0.0,0.0,0.0,0.0,1.0,2.0,0.0,0.0,0.0,0.0,0.0,0.0,1.0,1.0
2020-12-01,210592,0.0,0.0,0.0,0.0,0.0,0.0,1.0,1.0,0.0,0.0,0.0,0.0,0.0,0.0,0.0,0.0
2020-12-01,210600,0.0,1.0,0.0,0.0,0.0,0.0,1.0,2.0,0.0,0.0,0.0,0.0,0.0,0.0,0.0,0.0
2020-12-01,210632,0.0,0.0,0.0,0.0,0.0,0.0,2.0,2.0,0.0,0.0,0.0,0.0,0.0,0.0,0.0,0.0
2020-12-01,210650,1.0,1.0,0.0,0.0,0.0,0.0,1.0,3.0,0.0,1.0,0.0,0.0,0.0,0.0,1.0,2.0
2020-12-01,210690,2.0,0.0,0.0,0.0,0.0,0.0,1.0,3.0,0.0,0.0,0.0,0.0,0.0,0.0,1.0,1.0
2020-12-01,210710,0.0,0.0,0.0,0.0,0.0,0.0,1.0,1.0,0.0,0.0,0.0,0.0,0.0,0.0,0.0,0.0
2020-12-01,210735,0.0,1.0,0.0,0.0,0.0,0.0,2.0,3.0,0.0,0.0,0.0,0.0,0.0,0.0,0.0,0.0
2020-12-01,210745,0.0,0.0,0.0,0.0,0.0,0.0,1.0,1.0,0.0,0.0,0.0,0.0,0.0,0.0,1.0,1.0
2020-12-01,210750,5.0,2.0,2.0,0.0,0.0,0.0,15.0,24.0,3.0,0.0,0.0,0.0,0.0,0.0,3.0,6.0
2020-12-01,210820,4.0,3.0,1.0,0.0,0.0,0.0,2.0,10.0,2.0,0.0,1.0,0.0,0.0,0.0,0.0,3.0
2020-12-01,210850,3.0,0.0,0.0,0.0,0.0,0.0,2.0,5.0,1.0,0.0,0.0,0.0,0.0,0.0,0.0,1.0
2020-12-01,210870,1.0,0.0,0.0,0.0,0.0,0.0,1.0,2.0,0.0,0.0,0.0,0.0,0.0,0.0,0.0,0.0
2020-12-01,210890,0.0,0.0,0.0,0.0,0.0,0.0,2.0,2.0,0.0,0.0,0.0,0.0,0.0,0.0,1.0,1.0
2020-12-01,210910,0.0,1.0,0.0,0.0,0.0,0.0,1.0,2.0,0.0,1.0,0.0,0.0,0.0,0.0,0.0,1.0
2020-12-01,210960,3.0,0.0,0.0,0.0,0.0,0.0,2.0,5.0,1.0,0.0,0.0,0.0,0.0,0.0,1.0,2.0
2020-12-01,210980,1.0,0.0,0.0,0.0,0.0,0.0,1.0,2.0,0.0,0.0,0.0,0.0,0.0,0.0,1.0,1.0
2020-12-01,210990,1.0,0.0,1.0,0.0,0.0,0.0,4.0,6.0,0.0,0.0,0.0,0.0,0.0,0.0,2.0,2.0
2020-12-01,211000,2.0,1.0,0.0,0.0,0.0,0.0,2.0,5.0,0.0,1.0,0.0,0.0,0.0,0.0,1.0,2.0
2020-12-01,211060,1.0,0.0,0.0,0.0,0.0,0.0,2.0,3.0,0.0,0.0,0.0,0.0,0.0,0.0,1.0,1.0
2020-12-01,211070,1.0,1.0,0.0,0.0,0.0,0.0,2.0,4.0,1.0,0.0,0.0,0.0,0.0,0.0,0.0,1.0
2020-12-01,211100,0.0,0.0,0.0,0.0,0.0,0.0,1.0,1.0,0.0,0.0,0.0,0.0,0.0,0.0,0.0,0.0
2020-12-01,211120,19.0,1.0,5.0,0.0,0.0,0.0,18.0,43.0,4.0,0.0,0.0,0.0,0.0,0.0,4.0,8.0
2020-12-01,211130,150.0,39.0,23.0,2.0,1.0,0.0,87.0,302.0,29.0,3.0,6.0,0.0,0.0,0.0,17.0,55.0
2020-12-01,211140,1.0,0.0,0.0,0.0,0.0,0.0,2.0,3.0,0.0,0.0,0.0,0.0,0.0,0.0,0.0,0.0
2020-12-01,211150,0.0,0.0,0.0,0.0,0.0,0.0,1.0,1.0,0.0,0.0,0.0,0.0,0.0,0.0,0.0,0.0
2020-12-01,211160,1.0,0.0,0.0,0.0,0.0,0.0,1.0,2.0,0.0,0.0,0.0,0.0,0.0,0.0,1.0,1.0
2020-12-01,211170,0.0,1.0,0.0,0.0,0.0,0.0,2.0,3.0,0.0,1.0,0.0,0.0,0.0,0.0,0.0,1.0
2020-12-01,211210,0.0,3.0,0.0,0.0,0.0,0.0,2.0,5.0,0.0,0.0,0.0,0.0,0.0,0.0,2.0,2.0
2020-12-01,211220,13.0,1.0,1.0,0.0,0.0,0.0,6.0,21.0,1.0,0.0,1.0,0.0,0.0,0.0,4.0,6.0
2020-12-01,211260,1.0,0.0,0.0,0.0,0.0,0.0,2.0,3.0,0.0,0.0,0.0,0.0,0.0,0.0,1.0,1.0
2020-12-01,211270,0.0,0.0,0.0,0.0,0.0,0.0,1.0,1.0,0.0,0.0,0.0,0.0,0.0,0.0,0.0,0.0
2020-12-01,211300,1.0,0.0,0.0,0.0,0.0,0.0,1.0,2.0,0.0,0.0,0.0,0.0,0.0,0.0,1.0,1.0
2020-12-01,211400,0.0,0.0,0.0,0.0,0.0,0.0,2.0,2.0,0.0,0.0,0.0,0.0,0.0,0.0,0.0,0.0
2020-12-01,220050,0.0,0.0,0.0,0.0,0.0,0.0,2.0,2.0,0.0,0.0,0.0,0.0,0.0,0.0,0.0,0.0
2020-12-01,220120,0.0,0.0,0.0,0.0,0.0,0.0,2.0,2.0,0.0,0.0,0.0,0.0,0.0,0.0,1.0,1.0
2020-12-01,220191,0.0,0.0,0.0,0.0,0.0,0.0,1.0,1.0,0.0,0.0,0.0,0.0,0.0,0.0,0.0,0.0
2020-12-01,220192,0.0,0.0,0.0,0.0,0.0,0.0,1.0,1.0,0.0,0.0,0.0,0.0,0.0,0.0,0.0,0.0
2020-12-01,220200,0.0,0.0,0.0,0.0,0.0,0.0,3.0,3.0,0.0,0.0,0.0,0.0,0.0,0.0,2.0,2.0
2020-12-01,220220,0.0,0.0,0.0,0.0,0.0,0.0,1.0,1.0,0.0,0.0,0.0,0.0,0.0,0.0,1.0,1.0
2020-12-01,220230,0.0,0.0,0.0,0.0,0.0,0.0,1.0,1.0,0.0,0.0,0.0,0.0,0.0,0.0,0.0,0.0
2020-12-01,220270,1.0,0.0,0.0,0.0,0.0,0.0,1.0,2.0,0.0,0.0,0.0,0.0,0.0,0.0,1.0,1.0
2020-12-01,220335,0.0,0.0,0.0,0.0,0.0,0.0,1.0,1.0,0.0,0.0,0.0,0.0,0.0,0.0,0.0,0.0
2020-12-01,220440,0.0,0.0,0.0,0.0,0.0,0.0,1.0,1.0,0.0,0.0,0.0,0.0,0.0,0.0,1.0,1.0
2020-12-01,220465,0.0,0.0,0.0,0.0,0.0,0.0,1.0,1.0,0.0,0.0,0.0,0.0,0.0,0.0,1.0,1.0
2020-12-01,220558,0.0,0.0,0.0,0.0,0.0,0.0,1.0,1.0,0.0,0.0,0.0,0.0,0.0,0.0,1.0,1.0
2020-12-01,220620,1.0,0.0,0.0,0.0,0.0,0.0,1.0,2.0,0.0,0.0,0.0,0.0,0.0,0.0,0.0,0.0
2020-12-01,220640,0.0,0.0,0.0,0.0,0.0,0.0,1.0,1.0,0.0,0.0,0.0,0.0,0.0,0.0,0.0,0.0
2020-12-01,220770,22.0,9.0,8.0,2.0,0.0,0.0,5.0,46.0,2.0,4.0,1.0,0.0,0.0,0.0,0.0,7.0
2020-12-01,220790,1.0,0.0,0.0,0.0,0.0,0.0,2.0,3.0,0.0,0.0,0.0,0.0,0.0,0.0,2.0,2.0
2020-12-01,220830,1.0,0.0,0.0,0.0,0.0,0.0,1.0,2.0,0.0,0.0,0.0,0.0,0.0,0.0,0.0,0.0
2020-12-01,220880,1.0,0.0,0.0,0.0,0.0,0.0,1.0,2.0,0.0,0.0,0.0,0.0,0.0,0.0,0.0,0.0
2020-12-01,221060,0.0,1.0,0.0,0.0,0.0,0.0,5.0,6.0,0.0,1.0,0.0,0.0,0.0,0.0,3.0,4.0
2020-12-01,221065,0.0,0.0,0.0,0.0,0.0,0.0,1.0,1.0,0.0,0.0,0.0,0.0,0.0,0.0,0.0,0.0
2020-12-01,221100,52.0,4.0,2.0,0.0,0.0,0.0,42.0,100.0,9.0,2.0,0.0,0.0,0.0,0.0,12.0,23.0
2020-12-01,230015,0.0,1.0,0.0,0.0,0.0,0.0,2.0,3.0,0.0,0.0,0.0,0.0,0.0,0.0,2.0,2.0
2020-12-01,230100,0.0,3.0,0.0,0.0,0.0,0.0,2.0,5.0,0.0,1.0,0.0,0.0,0.0,0.0,0.0,1.0
2020-12-01,230220,0.0,3.0,0.0,0.0,0.0,0.0,1.0,4.0,0.0,1.0,0.0,0.0,0.0,0.0,1.0,2.0
2020-12-01,230260,1.0,1.0,0.0,0.0,0.0,0.0,1.0,3.0,0.0,0.0,0.0,0.0,0.0,0.0,0.0,0.0
2020-12-01,230280,3.0,4.0,5.0,2.0,0.0,0.0,1.0,15.0,1.0,0.0,2.0,0.0,0.0,0.0,0.0,3.0
2020-12-01,230350,2.0,3.0,1.0,0.0,0.0,0.0,1.0,7.0,1.0,0.0,0.0,0.0,0.0,0.0,1.0,2.0
2020-12-01,230370,7.0,20.0,2.0,0.0,0.0,0.0,3.0,32.0,2.0,6.0,1.0,0.0,0.0,0.0,1.0,10.0
2020-12-01,230395,0.0,1.0,0.0,0.0,0.0,0.0,1.0,2.0,0.0,1.0,0.0,0.0,0.0,0.0,0.0,1.0
2020-12-01,230400,1.0,1.0,0.0,0.0,0.0,0.0,1.0,3.0,0.0,0.0,0.0,0.0,0.0,0.0,0.0,0.0
2020-12-01,230420,1.0,0.0,0.0,0.0,0.0,0.0,2.0,3.0,0.0,0.0,0.0,0.0,0.0,0.0,1.0,1.0
2020-12-01,230425,0.0,0.0,4.0,0.0,0.0,0.0,5.0,9.0,0.0,0.0,1.0,0.0,0.0,0.0,1.0,2.0
2020-12-01,230428,1.0,5.0,0.0,1.0,0.0,0.0,1.0,8.0,0.0,2.0,0.0,1.0,0.0,0.0,1.0,4.0
2020-12-01,230430,0.0,0.0,0.0,0.0,0.0,0.0,1.0,1.0,0.0,0.0,0.0,0.0,0.0,0.0,1.0,1.0
2020-12-01,230440,85.0,205.0,30.0,3.0,0.0,0.0,94.0,417.0,23.0,54.0,7.0,1.0,0.0,0.0,36.0,121.0
2020-12-01,230495,0.0,3.0,0.0,0.0,0.0,0.0,1.0,4.0,0.0,1.0,0.0,0.0,0.0,0.0,0.0,1.0
2020-12-01,230523,0.0,5.0,0.0,0.0,0.0,0.0,3.0,8.0,0.0,1.0,0.0,0.0,0.0,0.0,0.0,1.0
2020-12-01,230535,0.0,1.0,0.0,0.0,0.0,0.0,1.0,2.0,0.0,0.0,0.0,0.0,0.0,0.0,0.0,0.0
2020-12-01,230540,1.0,0.0,0.0,0.0,0.0,0.0,1.0,2.0,0.0,0.0,0.0,0.0,0.0,0.0,0.0,0.0
2020-12-01,230590,0.0,1.0,0.0,0.0,0.0,0.0,1.0,2.0,0.0,0.0,0.0,0.0,0.0,0.0,0.0,0.0
2020-12-01,230625,0.0,1.0,0.0,0.0,0.0,0.0,2.0,3.0,0.0,1.0,0.0,0.0,0.0,0.0,1.0,2.0
2020-12-01,230710,0.0,0.0,0.0,0.0,0.0,0.0,3.0,3.0,0.0,0.0,0.0,0.0,0.0,0.0,1.0,1.0
2020-12-01,230725,0.0,0.0,0.0,0.0,0.0,0.0,1.0,1.0,0.0,0.0,0.0,0.0,0.0,0.0,1.0,1.0
2020-12-01,230730,0.0,2.0,0.0,0.0,0.0,0.0,2.0,4.0,0.0,0.0,0.0,0.0,0.0,0.0,1.0,1.0
2020-12-01,230740,0.0,0.0,0.0,0.0,0.0,0.0,1.0,1.0,0.0,0.0,0.0,0.0,0.0,0.0,0.0,0.0
2020-12-01,230763,0.0,1.0,0.0,0.0,0.0,0.0,1.0,2.0,0.0,1.0,0.0,0.0,0.0,0.0,1.0,2.0
2020-12-01,230765,5.0,12.0,1.0,0.0,0.0,0.0,3.0,21.0,0.0,6.0,0.0,0.0,0.0,0.0,0.0,6.0
2020-12-01,230840,0.0,2.0,0.0,0.0,0.0,0.0,1.0,3.0,0.0,1.0,0.0,0.0,0.0,0.0,0.0,1.0
2020-12-01,230870,0.0,3.0,0.0,0.0,0.0,0.0,2.0,5.0,0.0,1.0,0.0,0.0,0.0,0.0,0.0,1.0
2020-12-01,230930,0.0,1.0,0.0,0.0,0.0,0.0,1.0,2.0,0.0,0.0,0.0,0.0,0.0,0.0,0.0,0.0
2020-12-01,230940,0.0,1.0,0.0,0.0,0.0,0.0,1.0,2.0,0.0,0.0,0.0,0.0,0.0,0.0,0.0,0.0
2020-12-01,230950,0.0,1.0,0.0,0.0,0.0,0.0,1.0,2.0,0.0,1.0,0.0,0.0,0.0,0.0,0.0,1.0
2020-12-01,231070,0.0,1.0,0.0,0.0,0.0,0.0,2.0,3.0,0.0,0.0,0.0,0.0,0.0,0.0,2.0,2.0
2020-12-01,231140,0.0,2.0,0.0,0.0,0.0,0.0,3.0,5.0,0.0,1.0,0.0,0.0,0.0,0.0,0.0,1.0
2020-12-01,231240,0.0,0.0,1.0,0.0,0.0,0.0,4.0,5.0,0.0,0.0,1.0,0.0,0.0,0.0,1.0,2.0
2020-12-01,231290,1.0,7.0,3.0,0.0,0.0,0.0,14.0,25.0,0.0,2.0,2.0,0.0,0.0,0.0,0.0,4.0
2020-12-01,231330,0.0,12.0,1.0,0.0,0.0,0.0,6.0,19.0,0.0,3.0,0.0,0.0,0.0,0.0,2.0,5.0
2020-12-01,231355,1.0,0.0,0.0,0.0,0.0,0.0,1.0,2.0,0.0,0.0,0.0,0.0,0.0,0.0,1.0,1.0
2020-12-01,231360,0.0,1.0,0.0,0.0,0.0,0.0,2.0,3.0,0.0,1.0,0.0,0.0,0.0,0.0,0.0,1.0
2020-12-01,240020,2.0,0.0,0.0,0.0,0.0,0.0,1.0,3.0,2.0,0.0,0.0,0.0,0.0,0.0,0.0,2.0
2020-12-01,240150,0.0,0.0,0.0,0.0,0.0,0.0,1.0,1.0,0.0,0.0,0.0,0.0,0.0,0.0,0.0,0.0
2020-12-01,240200,1.0,0.0,0.0,0.0,0.0,0.0,1.0,2.0,0.0,0.0,0.0,0.0,0.0,0.0,0.0,0.0
2020-12-01,240260,4.0,0.0,0.0,0.0,0.0,0.0,2.0,6.0,0.0,0.0,0.0,0.0,0.0,0.0,2.0,2.0
2020-12-01,240325,13.0,0.0,1.0,1.0,0.0,0.0,3.0,18.0,3.0,0.0,0.0,1.0,0.0,0.0,1.0,5.0
2020-12-01,240350,0.0,1.0,0.0,0.0,0.0,0.0,1.0,2.0,0.0,1.0,0.0,0.0,0.0,0.0,1.0,2.0
2020-12-01,240360,2.0,0.0,0.0,0.0,0.0,0.0,1.0,3.0,0.0,0.0,0.0,0.0,0.0,0.0,0.0,0.0
2020-12-01,240580,0.0,0.0,0.0,0.0,0.0,0.0,1.0,1.0,0.0,0.0,0.0,0.0,0.0,0.0,1.0,1.0
2020-12-01,240610,1.0,0.0,0.0,0.0,0.0,0.0,1.0,2.0,1.0,0.0,0.0,0.0,0.0,0.0,0.0,1.0
2020-12-01,240770,0.0,0.0,0.0,0.0,0.0,0.0,1.0,1.0,0.0,0.0,0.0,0.0,0.0,0.0,1.0,1.0
2020-12-01,240780,1.0,0.0,0.0,0.0,0.0,0.0,2.0,3.0,1.0,0.0,0.0,0.0,0.0,0.0,0.0,1.0
2020-12-01,240800,33.0,1.0,2.0,0.0,0.0,0.0,5.0,41.0,9.0,0.0,1.0,0.0,0.0,0.0,1.0,11.0
2020-12-01,240810,80.0,3.0,5.0,0.0,0.0,0.0,35.0,123.0,21.0,2.0,0.0,0.0,0.0,0.0,11.0,34.0
2020-12-01,240895,2.0,0.0,0.0,0.0,0.0,0.0,1.0,3.0,1.0,0.0,0.0,0.0,0.0,0.0,0.0,1.0
2020-12-01,240930,0.0,0.0,0.0,0.0,0.0,0.0,1.0,1.0,0.0,0.0,0.0,0.0,0.0,0.0,0.0,0.0
2020-12-01,241025,0.0,0.0,0.0,0.0,0.0,0.0,1.0,1.0,0.0,0.0,0.0,0.0,0.0,0.0,0.0,0.0
2020-12-01,241105,0.0,0.0,0.0,0.0,0.0,0.0,1.0,1.0,0.0,0.0,0.0,0.0,0.0,0.0,0.0,0.0
2020-12-01,241160,0.0,0.0,0.0,0.0,0.0,0.0,1.0,1.0,0.0,0.0,0.0,0.0,0.0,0.0,1.0,1.0
2020-12-01,241220,3.0,1.0,0.0,0.0,0.0,0.0,5.0,9.0,2.0,0.0,0.0,0.0,0.0,0.0,1.0,3.0
2020-12-01,250010,1.0,0.0,0.0,0.0,0.0,0.0,1.0,2.0,0.0,0.0,0.0,0.0,0.0,0.0,0.0,0.0
2020-12-01,250030,1.0,0.0,0.0,0.0,0.0,0.0,1.0,2.0,1.0,0.0,0.0,0.0,0.0,0.0,1.0,2.0
2020-12-01,250040,5.0,0.0,0.0,0.0,0.0,0.0,1.0,6.0,0.0,0.0,0.0,0.0,0.0,0.0,1.0,1.0
2020-12-01,250050,1.0,0.0,0.0,0.0,0.0,0.0,1.0,2.0,0.0,0.0,0.0,0.0,0.0,0.0,1.0,1.0
2020-12-01,250053,1.0,0.0,0.0,0.0,0.0,0.0,1.0,2.0,0.0,0.0,0.0,0.0,0.0,0.0,0.0,0.0
2020-12-01,250070,0.0,0.0,0.0,0.0,0.0,0.0,1.0,1.0,0.0,0.0,0.0,0.0,0.0,0.0,0.0,0.0
2020-12-01,250080,0.0,0.0,0.0,0.0,0.0,0.0,1.0,1.0,0.0,0.0,0.0,0.0,0.0,0.0,1.0,1.0
2020-12-01,250090,1.0,3.0,0.0,0.0,0.0,0.0,1.0,5.0,0.0,1.0,0.0,0.0,0.0,0.0,0.0,1.0
2020-12-01,250140,0.0,0.0,1.0,0.0,0.0,0.0,1.0,2.0,0.0,0.0,0.0,0.0,0.0,0.0,0.0,0.0
2020-12-01,250157,0.0,1.0,0.0,0.0,0.0,0.0,1.0,2.0,0.0,0.0,0.0,0.0,0.0,0.0,0.0,0.0
2020-12-01,250170,3.0,1.0,0.0,0.0,0.0,0.0,2.0,6.0,0.0,1.0,0.0,0.0,0.0,0.0,1.0,2.0
2020-12-01,250250,0.0,0.0,0.0,0.0,0.0,0.0,4.0,4.0,0.0,0.0,0.0,0.0,0.0,0.0,0.0,0.0
2020-12-01,250300,0.0,0.0,0.0,0.0,0.0,0.0,2.0,2.0,0.0,0.0,0.0,0.0,0.0,0.0,1.0,1.0
2020-12-01,250320,3.0,0.0,0.0,0.0,0.0,0.0,2.0,5.0,1.0,0.0,0.0,0.0,0.0,0.0,1.0,2.0
2020-12-01,250350,1.0,0.0,0.0,0.0,0.0,0.0,1.0,2.0,0.0,0.0,0.0,0.0,0.0,0.0,1.0,1.0
2020-12-01,250400,26.0,22.0,3.0,0.0,0.0,0.0,45.0,96.0,3.0,4.0,0.0,0.0,0.0,0.0,10.0,17.0
2020-12-01,250407,0.0,0.0,0.0,0.0,0.0,0.0,1.0,1.0,0.0,0.0,0.0,0.0,0.0,0.0,0.0,0.0
2020-12-01,250450,1.0,0.0,0.0,0.0,0.0,0.0,1.0,2.0,0.0,0.0,0.0,0.0,0.0,0.0,0.0,0.0
2020-12-01,250470,0.0,0.0,0.0,0.0,0.0,0.0,1.0,1.0,0.0,0.0,0.0,0.0,0.0,0.0,0.0,0.0
2020-12-01,250500,0.0,0.0,0.0,0.0,0.0,0.0,1.0,1.0,0.0,0.0,0.0,0.0,0.0,0.0,0.0,0.0
2020-12-01,250510,1.0,0.0,0.0,0.0,0.0,0.0,1.0,2.0,0.0,0.0,0.0,0.0,0.0,0.0,0.0,0.0
2020-12-01,250570,0.0,0.0,0.0,0.0,0.0,0.0,1.0,1.0,0.0,0.0,0.0,0.0,0.0,0.0,1.0,1.0
2020-12-01,250610,0.0,0.0,0.0,0.0,0.0,0.0,1.0,1.0,0.0,0.0,0.0,0.0,0.0,0.0,1.0,1.0
2020-12-01,250625,0.0,0.0,0.0,0.0,0.0,0.0,1.0,1.0,0.0,0.0,0.0,0.0,0.0,0.0,0.0,0.0
2020-12-01,250670,0.0,0.0,0.0,0.0,0.0,0.0,2.0,2.0,0.0,0.0,0.0,0.0,0.0,0.0,2.0,2.0
2020-12-01,250680,0.0,0.0,0.0,0.0,0.0,0.0,2.0,2.0,0.0,0.0,0.0,0.0,0.0,0.0,1.0,1.0
2020-12-01,250690,1.0,2.0,0.0,0.0,0.0,0.0,2.0,5.0,1.0,1.0,0.0,0.0,0.0,0.0,0.0,2.0
2020-12-01,250710,0.0,0.0,0.0,0.0,0.0,0.0,1.0,1.0,0.0,0.0,0.0,0.0,0.0,0.0,0.0,0.0
2020-12-01,250730,0.0,0.0,0.0,0.0,0.0,0.0,1.0,1.0,0.0,0.0,0.0,0.0,0.0,0.0,0.0,0.0
2020-12-01,250750,21.0,7.0,4.0,0.0,0.0,0.0,19.0,51.0,2.0,1.0,2.0,0.0,0.0,0.0,12.0,17.0
2020-12-01,250760,0.0,0.0,0.0,0.0,0.0,0.0,1.0,1.0,0.0,0.0,0.0,0.0,0.0,0.0,0.0,0.0
2020-12-01,250830,3.0,1.0,0.0,0.0,0.0,0.0,1.0,5.0,1.0,0.0,0.0,0.0,0.0,0.0,0.0,1.0
2020-12-01,250850,0.0,1.0,0.0,0.0,0.0,0.0,1.0,2.0,0.0,0.0,0.0,0.0,0.0,0.0,0.0,0.0
2020-12-01,250860,0.0,0.0,0.0,0.0,0.0,0.0,1.0,1.0,0.0,0.0,0.0,0.0,0.0,0.0,0.0,0.0
2020-12-01,250880,0.0,0.0,0.0,0.0,0.0,0.0,1.0,1.0,0.0,0.0,0.0,0.0,0.0,0.0,0.0,0.0
2020-12-01,250890,3.0,0.0,1.0,0.0,0.0,0.0,5.0,9.0,0.0,0.0,0.0,0.0,0.0,0.0,3.0,3.0
2020-12-01,250920,0.0,0.0,0.0,0.0,0.0,0.0,2.0,2.0,0.0,0.0,0.0,0.0,0.0,0.0,0.0,0.0
2020-12-01,250933,0.0,0.0,0.0,0.0,0.0,0.0,1.0,1.0,0.0,0.0,0.0,0.0,0.0,0.0,1.0,1.0
2020-12-01,250950,1.0,0.0,0.0,0.0,0.0,0.0,1.0,2.0,0.0,0.0,0.0,0.0,0.0,0.0,0.0,0.0
2020-12-01,250970,0.0,1.0,0.0,0.0,0.0,0.0,4.0,5.0,0.0,0.0,0.0,0.0,0.0,0.0,3.0,3.0
2020-12-01,251080,5.0,1.0,0.0,0.0,0.0,0.0,3.0,9.0,3.0,1.0,0.0,0.0,0.0,0.0,1.0,5.0
2020-12-01,251130,0.0,1.0,0.0,0.0,0.0,0.0,1.0,2.0,0.0,0.0,0.0,0.0,0.0,0.0,1.0,1.0
2020-12-01,251150,0.0,0.0,0.0,0.0,0.0,0.0,1.0,1.0,0.0,0.0,0.0,0.0,0.0,0.0,1.0,1.0
2020-12-01,251200,0.0,1.0,0.0,0.0,0.0,0.0,3.0,4.0,0.0,0.0,0.0,0.0,0.0,0.0,1.0,1.0
2020-12-01,251210,2.0,0.0,0.0,0.0,0.0,0.0,3.0,5.0,0.0,0.0,0.0,0.0,0.0,0.0,2.0,2.0
2020-12-01,251240,1.0,0.0,1.0,0.0,0.0,0.0,3.0,5.0,0.0,0.0,0.0,0.0,0.0,0.0,0.0,0.0
2020-12-01,251250,0.0,0.0,0.0,0.0,0.0,0.0,9.0,9.0,0.0,0.0,0.0,0.0,0.0,0.0,3.0,3.0
2020-12-01,251272,0.0,0.0,0.0,0.0,0.0,0.0,1.0,1.0,0.0,0.0,0.0,0.0,0.0,0.0,1.0,1.0
2020-12-01,251290,1.0,0.0,0.0,0.0,0.0,0.0,1.0,2.0,0.0,0.0,0.0,0.0,0.0,0.0,0.0,0.0
2020-12-01,251300,0.0,0.0,0.0,0.0,0.0,0.0,1.0,1.0,0.0,0.0,0.0,0.0,0.0,0.0,1.0,1.0
2020-12-01,251360,0.0,0.0,0.0,0.0,0.0,0.0,1.0,1.0,0.0,0.0,0.0,0.0,0.0,0.0,1.0,1.0
2020-12-01,251400,1.0,0.0,0.0,0.0,0.0,0.0,1.0,2.0,0.0,0.0,0.0,0.0,0.0,0.0,1.0,1.0
2020-12-01,251480,0.0,0.0,0.0,0.0,0.0,0.0,1.0,1.0,0.0,0.0,0.0,0.0,0.0,0.0,0.0,0.0
2020-12-01,251510,1.0,0.0,0.0,0.0,0.0,0.0,2.0,3.0,0.0,0.0,0.0,0.0,0.0,0.0,1.0,1.0
2020-12-01,251550,0.0,0.0,0.0,0.0,0.0,0.0,1.0,1.0,0.0,0.0,0.0,0.0,0.0,0.0,0.0,0.0
2020-12-01,251600,2.0,1.0,0.0,0.0,0.0,0.0,1.0,4.0,1.0,0.0,0.0,0.0,0.0,0.0,0.0,1.0
2020-12-01,260005,2.0,0.0,1.0,0.0,0.0,0.0,2.0,5.0,2.0,0.0,1.0,0.0,0.0,0.0,1.0,4.0
2020-12-01,260010,2.0,0.0,0.0,0.0,0.0,0.0,2.0,4.0,0.0,0.0,0.0,0.0,0.0,0.0,1.0,1.0
2020-12-01,260020,0.0,0.0,0.0,0.0,0.0,0.0,1.0,1.0,0.0,0.0,0.0,0.0,0.0,0.0,0.0,0.0
2020-12-01,260050,0.0,0.0,0.0,0.0,0.0,0.0,1.0,1.0,0.0,0.0,0.0,0.0,0.0,0.0,0.0,0.0
2020-12-01,260100,0.0,0.0,0.0,0.0,0.0,0.0,2.0,2.0,0.0,0.0,0.0,0.0,0.0,0.0,0.0,0.0
2020-12-01,260110,5.0,2.0,0.0,0.0,0.0,0.0,5.0,12.0,3.0,0.0,0.0,0.0,0.0,0.0,3.0,6.0
2020-12-01,260140,1.0,0.0,0.0,0.0,0.0,0.0,1.0,2.0,0.0,0.0,0.0,0.0,0.0,0.0,0.0,0.0
2020-12-01,260180,0.0,0.0,1.0,0.0,0.0,0.0,7.0,8.0,0.0,0.0,1.0,0.0,0.0,0.0,2.0,3.0
2020-12-01,260190,1.0,0.0,0.0,0.0,0.0,0.0,3.0,4.0,1.0,0.0,0.0,0.0,0.0,0.0,0.0,1.0
2020-12-01,260200,0.0,0.0,0.0,0.0,0.0,0.0,2.0,2.0,0.0,0.0,0.0,0.0,0.0,0.0,1.0,1.0
2020-12-01,260210,1.0,0.0,0.0,0.0,0.0,0.0,1.0,2.0,0.0,0.0,0.0,0.0,0.0,0.0,0.0,0.0
2020-12-01,260290,11.0,0.0,0.0,0.0,0.0,0.0,2.0,13.0,4.0,0.0,0.0,0.0,0.0,0.0,2.0,6.0
2020-12-01,260300,2.0,0.0,0.0,0.0,0.0,0.0,3.0,5.0,0.0,0.0,0.0,0.0,0.0,0.0,1.0,1.0
2020-12-01,260320,0.0,0.0,0.0,0.0,0.0,0.0,1.0,1.0,0.0,0.0,0.0,0.0,0.0,0.0,0.0,0.0
2020-12-01,260340,0.0,0.0,0.0,0.0,0.0,0.0,1.0,1.0,0.0,0.0,0.0,0.0,0.0,0.0,1.0,1.0
2020-12-01,260345,4.0,1.0,0.0,0.0,0.0,0.0,1.0,6.0,2.0,1.0,0.0,0.0,0.0,0.0,1.0,4.0
2020-12-01,260370,0.0,0.0,0.0,0.0,0.0,0.0,1.0,1.0,0.0,0.0,0.0,0.0,0.0,0.0,0.0,0.0
2020-12-01,260390,3.0,0.0,0.0,0.0,0.0,0.0,2.0,5.0,0.0,0.0,0.0,0.0,0.0,0.0,0.0,0.0
2020-12-01,260392,0.0,0.0,0.0,0.0,0.0,0.0,1.0,1.0,0.0,0.0,0.0,0.0,0.0,0.0,0.0,0.0
2020-12-01,260400,2.0,0.0,0.0,0.0,0.0,0.0,19.0,21.0,0.0,0.0,0.0,0.0,0.0,0.0,1.0,1.0
2020-12-01,260410,1.0,0.0,0.0,0.0,0.0,0.0,2.0,3.0,0.0,0.0,0.0,0.0,0.0,0.0,1.0,1.0
2020-12-01,260430,0.0,0.0,0.0,0.0,0.0,0.0,2.0,2.0,0.0,0.0,0.0,0.0,0.0,0.0,0.0,0.0
2020-12-01,260510,1.0,0.0,1.0,2.0,0.0,0.0,2.0,6.0,0.0,0.0,0.0,1.0,0.0,0.0,1.0,2.0
2020-12-01,260540,0.0,0.0,0.0,0.0,0.0,0.0,2.0,2.0,0.0,0.0,0.0,0.0,0.0,0.0,0.0,0.0
2020-12-01,260560,0.0,0.0,1.0,0.0,0.0,0.0,1.0,2.0,0.0,0.0,0.0,0.0,0.0,0.0,0.0,0.0
2020-12-01,260570,1.0,0.0,0.0,0.0,0.0,1.0,4.0,6.0,0.0,0.0,0.0,0.0,0.0,0.0,1.0,1.0
2020-12-01,260590,1.0,0.0,0.0,0.0,0.0,0.0,1.0,2.0,0.0,0.0,0.0,0.0,0.0,0.0,1.0,1.0
2020-12-01,260600,0.0,0.0,1.0,0.0,0.0,0.0,2.0,3.0,0.0,0.0,0.0,0.0,0.0,0.0,0.0,0.0
2020-12-01,260620,4.0,1.0,0.0,0.0,0.0,0.0,1.0,6.0,3.0,0.0,0.0,0.0,0.0,0.0,1.0,4.0
2020-12-01,260690,0.0,0.0,0.0,0.0,0.0,0.0,1.0,1.0,0.0,0.0,0.0,0.0,0.0,0.0,0.0,0.0
2020-12-01,260730,2.0,0.0,0.0,0.0,0.0,0.0,2.0,4.0,1.0,0.0,0.0,0.0,0.0,0.0,2.0,3.0
2020-12-01,260750,0.0,0.0,0.0,0.0,0.0,0.0,1.0,1.0,0.0,0.0,0.0,0.0,0.0,0.0,1.0,1.0
2020-12-01,260775,1.0,0.0,0.0,0.0,0.0,0.0,3.0,4.0,0.0,0.0,0.0,0.0,0.0,0.0,3.0,3.0
2020-12-01,260790,26.0,9.0,17.0,0.0,0.0,0.0,24.0,76.0,9.0,6.0,5.0,0.0,0.0,0.0,8.0,28.0
2020-12-01,260845,0.0,0.0,0.0,0.0,0.0,0.0,5.0,5.0,0.0,0.0,0.0,0.0,0.0,0.0,1.0,1.0
2020-12-01,260880,0.0,0.0,0.0,0.0,0.0,0.0,1.0,1.0,0.0,0.0,0.0,0.0,0.0,0.0,1.0,1.0
2020-12-01,260890,0.0,1.0,0.0,0.0,0.0,0.0,2.0,3.0,0.0,0.0,0.0,0.0,0.0,0.0,1.0,1.0
2020-12-01,260910,0.0,0.0,0.0,0.0,0.0,0.0,1.0,1.0,0.0,0.0,0.0,0.0,0.0,0.0,0.0,0.0
2020-12-01,260930,3.0,1.0,0.0,0.0,0.0,0.0,5.0,9.0,0.0,1.0,0.0,0.0,0.0,0.0,4.0,5.0
2020-12-01,260950,2.0,0.0,0.0,0.0,0.0,0.0,2.0,4.0,0.0,0.0,0.0,0.0,0.0,0.0,0.0,0.0
2020-12-01,260960,21.0,9.0,3.0,0.0,0.0,0.0,26.0,59.0,2.0,1.0,0.0,0.0,0.0,0.0,4.0,7.0
2020-12-01,260980,2.0,0.0,0.0,0.0,0.0,0.0,1.0,3.0,1.0,0.0,0.0,0.0,0.0,0.0,0.0,1.0
2020-12-01,260990,1.0,0.0,0.0,0.0,0.0,0.0,3.0,4.0,0.0,0.0,0.0,0.0,0.0,0.0,0.0,0.0
2020-12-01,261040,2.0,0.0,1.0,0.0,0.0,0.0,1.0,4.0,1.0,0.0,1.0,0.0,0.0,0.0,0.0,2.0
2020-12-01,261060,0.0,0.0,1.0,0.0,0.0,0.0,6.0,7.0,0.0,0.0,0.0,0.0,0.0,0.0,1.0,1.0
2020-12-01,261070,15.0,0.0,0.0,0.0,0.0,0.0,13.0,28.0,4.0,0.0,0.0,0.0,0.0,0.0,6.0,10.0
2020-12-01,261110,3.0,0.0,0.0,0.0,0.0,0.0,1.0,4.0,1.0,0.0,0.0,0.0,0.0,0.0,0.0,1.0
2020-12-01,261150,0.0,0.0,0.0,0.0,0.0,0.0,1.0,1.0,0.0,0.0,0.0,0.0,0.0,0.0,1.0,1.0
2020-12-01,261160,76.0,25.0,10.0,0.0,0.0,0.0,60.0,171.0,16.0,8.0,4.0,0.0,0.0,0.0,17.0,45.0
2020-12-01,261180,1.0,0.0,0.0,0.0,0.0,0.0,1.0,2.0,1.0,0.0,0.0,0.0,0.0,0.0,0.0,1.0
2020-12-01,261220,1.0,1.0,1.0,0.0,0.0,0.0,5.0,8.0,0.0,0.0,0.0,0.0,0.0,0.0,1.0,1.0
2020-12-01,261247,0.0,0.0,0.0,0.0,0.0,0.0,1.0,1.0,0.0,0.0,0.0,0.0,0.0,0.0,0.0,0.0
2020-12-01,261260,1.0,0.0,0.0,0.0,0.0,0.0,3.0,4.0,0.0,0.0,0.0,0.0,0.0,0.0,2.0,2.0
2020-12-01,261300,0.0,2.0,0.0,0.0,0.0,0.0,1.0,3.0,0.0,0.0,0.0,0.0,0.0,0.0,1.0,1.0
2020-12-01,261350,3.0,1.0,1.0,0.0,0.0,0.0,4.0,9.0,0.0,0.0,1.0,0.0,0.0,0.0,1.0,2.0
2020-12-01,261370,3.0,3.0,0.0,0.0,0.0,0.0,2.0,8.0,0.0,2.0,0.0,0.0,0.0,0.0,0.0,2.0
2020-12-01,261390,11.0,2.0,1.0,0.0,0.0,0.0,15.0,29.0,2.0,1.0,0.0,0.0,0.0,0.0,4.0,7.0
2020-12-01,261400,0.0,0.0,0.0,0.0,0.0,0.0,2.0,2.0,0.0,0.0,0.0,0.0,0.0,0.0,0.0,0.0
2020-12-01,261410,2.0,0.0,0.0,0.0,0.0,0.0,6.0,8.0,2.0,0.0,0.0,0.0,0.0,0.0,1.0,3.0
2020-12-01,261460,5.0,0.0,0.0,0.0,0.0,0.0,2.0,7.0,1.0,0.0,0.0,0.0,0.0,0.0,0.0,1.0
2020-12-01,261520,0.0,0.0,0.0,0.0,0.0,0.0,1.0,1.0,0.0,0.0,0.0,0.0,0.0,0.0,0.0,0.0
2020-12-01,261550,0.0,0.0,0.0,0.0,0.0,0.0,1.0,1.0,0.0,0.0,0.0,0.0,0.0,0.0,0.0,0.0
2020-12-01,261570,2.0,0.0,0.0,0.0,0.0,0.0,4.0,6.0,0.0,0.0,0.0,0.0,0.0,0.0,2.0,2.0
2020-12-01,261600,0.0,0.0,0.0,0.0,0.0,0.0,1.0,1.0,0.0,0.0,0.0,0.0,0.0,0.0,0.0,0.0
2020-12-01,261630,0.0,0.0,0.0,0.0,0.0,0.0,1.0,1.0,0.0,0.0,0.0,0.0,0.0,0.0,0.0,0.0
2020-12-01,261640,3.0,0.0,0.0,0.0,0.0,0.0,1.0,4.0,0.0,0.0,0.0,0.0,0.0,0.0,1.0,1.0
2020-12-01,270030,12.0,2.0,0.0,0.0,0.0,0.0,16.0,30.0,2.0,1.0,0.0,0.0,0.0,0.0,0.0,3.0
2020-12-01,270040,2.0,1.0,0.0,0.0,0.0,0.0,1.0,4.0,2.0,1.0,0.0,0.0,0.0,0.0,0.0,3.0
2020-12-01,270100,1.0,6.0,0.0,0.0,0.0,0.0,5.0,12.0,0.0,1.0,0.0,0.0,0.0,0.0,1.0,2.0
2020-12-01,270140,0.0,2.0,0.0,0.0,0.0,0.0,5.0,7.0,0.0,0.0,0.0,0.0,0.0,0.0,0.0,0.0
2020-12-01,270160,0.0,0.0,0.0,0.0,0.0,0.0,1.0,1.0,0.0,0.0,0.0,0.0,0.0,0.0,0.0,0.0
2020-12-01,270170,0.0,0.0,1.0,0.0,0.0,0.0,1.0,2.0,0.0,0.0,0.0,0.0,0.0,0.0,0.0,0.0
2020-12-01,270200,0.0,0.0,0.0,0.0,0.0,0.0,3.0,3.0,0.0,0.0,0.0,0.0,0.0,0.0,2.0,2.0
2020-12-01,270220,1.0,0.0,2.0,0.0,0.0,0.0,2.0,5.0,0.0,0.0,0.0,0.0,0.0,0.0,0.0,0.0
2020-12-01,270230,11.0,0.0,0.0,0.0,0.0,0.0,2.0,13.0,2.0,0.0,0.0,0.0,0.0,0.0,2.0,4.0
2020-12-01,270235,3.0,0.0,1.0,0.0,0.0,0.0,3.0,7.0,0.0,0.0,0.0,0.0,0.0,0.0,1.0,1.0
2020-12-01,270240,2.0,1.0,0.0,0.0,0.0,0.0,3.0,6.0,0.0,0.0,0.0,0.0,0.0,0.0,0.0,0.0
2020-12-01,270255,2.0,0.0,0.0,0.0,0.0,0.0,1.0,3.0,0.0,0.0,0.0,0.0,0.0,0.0,1.0,1.0
2020-12-01,270300,0.0,2.0,0.0,0.0,0.0,0.0,1.0,3.0,0.0,1.0,0.0,0.0,0.0,0.0,0.0,1.0
2020-12-01,270310,3.0,0.0,0.0,0.0,0.0,0.0,1.0,4.0,0.0,0.0,0.0,0.0,0.0,0.0,1.0,1.0
2020-12-01,270380,6.0,3.0,0.0,0.0,0.0,0.0,1.0,10.0,4.0,0.0,0.0,0.0,0.0,0.0,0.0,4.0
2020-12-01,270400,0.0,0.0,0.0,0.0,0.0,0.0,2.0,2.0,0.0,0.0,0.0,0.0,0.0,0.0,1.0,1.0
2020-12-01,270420,4.0,0.0,1.0,0.0,0.0,0.0,5.0,10.0,0.0,0.0,0.0,0.0,0.0,0.0,0.0,0.0
2020-12-01,270430,200.0,83.0,15.0,0.0,0.0,0.0,67.0,365.0,22.0,16.0,1.0,0.0,0.0,0.0,20.0,59.0
2020-12-01,270470,10.0,0.0,0.0,0.0,0.0,0.0,2.0,12.0,2.0,0.0,0.0,0.0,0.0,0.0,0.0,2.0
2020-12-01,270510,0.0,1.0,0.0,0.0,0.0,0.0,1.0,2.0,0.0,0.0,0.0,0.0,0.0,0.0,0.0,0.0
2020-12-01,270550,2.0,1.0,0.0,0.0,0.0,0.0,3.0,6.0,0.0,0.0,0.0,0.0,0.0,0.0,0.0,0.0
2020-12-01,270570,0.0,1.0,1.0,0.0,0.0,0.0,1.0,3.0,0.0,1.0,0.0,0.0,0.0,0.0,0.0,1.0
2020-12-01,270620,0.0,0.0,0.0,0.0,0.0,0.0,4.0,4.0,0.0,0.0,0.0,0.0,0.0,0.0,0.0,0.0
2020-12-01,270630,5.0,2.0,0.0,0.0,0.0,0.0,1.0,8.0,0.0,1.0,0.0,0.0,0.0,0.0,0.0,1.0
2020-12-01,270644,7.0,1.0,0.0,0.0,0.0,0.0,1.0,9.0,0.0,0.0,0.0,0.0,0.0,0.0,1.0,1.0
2020-12-01,270660,0.0,0.0,0.0,0.0,0.0,0.0,1.0,1.0,0.0,0.0,0.0,0.0,0.0,0.0,0.0,0.0
2020-12-01,270690,2.0,4.0,0.0,0.0,0.0,0.0,2.0,8.0,0.0,1.0,0.0,0.0,0.0,0.0,1.0,2.0
2020-12-01,270760,0.0,0.0,0.0,0.0,0.0,0.0,2.0,2.0,0.0,0.0,0.0,0.0,0.0,0.0,0.0,0.0
2020-12-01,270770,14.0,12.0,5.0,0.0,0.0,0.0,7.0,38.0,2.0,1.0,1.0,0.0,0.0,0.0,1.0,5.0
2020-12-01,270800,4.0,0.0,0.0,0.0,0.0,0.0,2.0,6.0,0.0,0.0,0.0,0.0,0.0,0.0,1.0,1.0
2020-12-01,270810,1.0,0.0,0.0,0.0,0.0,0.0,1.0,2.0,0.0,0.0,0.0,0.0,0.0,0.0,0.0,0.0
2020-12-01,270830,0.0,0.0,0.0,0.0,0.0,0.0,1.0,1.0,0.0,0.0,0.0,0.0,0.0,0.0,0.0,0.0
2020-12-01,270840,1.0,0.0,0.0,0.0,0.0,0.0,5.0,6.0,0.0,0.0,0.0,0.0,0.0,0.0,3.0,3.0
2020-12-01,270850,0.0,1.0,0.0,0.0,0.0,0.0,2.0,3.0,0.0,0.0,0.0,0.0,0.0,0.0,1.0,1.0
2020-12-01,270860,2.0,7.0,1.0,0.0,0.0,0.0,4.0,14.0,0.0,3.0,0.0,0.0,0.0,0.0,0.0,3.0
2020-12-01,270910,3.0,1.0,0.0,0.0,0.0,0.0,1.0,5.0,0.0,0.0,0.0,0.0,0.0,0.0,0.0,0.0
2020-12-01,270920,0.0,1.0,0.0,0.0,0.0,0.0,1.0,2.0,0.0,0.0,0.0,0.0,0.0,0.0,0.0,0.0
2020-12-01,270930,0.0,4.0,0.0,0.0,0.0,0.0,2.0,6.0,0.0,1.0,0.0,0.0,0.0,0.0,0.0,1.0
2020-12-01,280020,0.0,0.0,0.0,0.0,0.0,0.0,1.0,1.0,0.0,0.0,0.0,0.0,0.0,0.0,1.0,1.0
2020-12-01,280030,15.0,0.0,0.0,0.0,0.0,0.0,5.0,20.0,2.0,0.0,0.0,0.0,0.0,0.0,2.0,4.0
2020-12-01,280060,4.0,2.0,0.0,0.0,0.0,0.0,1.0,7.0,0.0,2.0,0.0,0.0,0.0,0.0,0.0,2.0
2020-12-01,280067,0.0,0.0,0.0,0.0,0.0,0.0,1.0,1.0,0.0,0.0,0.0,0.0,0.0,0.0,0.0,0.0
2020-12-01,280140,0.0,0.0,0.0,0.0,0.0,0.0,1.0,1.0,0.0,0.0,0.0,0.0,0.0,0.0,0.0,0.0
2020-12-01,280160,1.0,0.0,0.0,0.0,0.0,0.0,1.0,2.0,0.0,0.0,0.0,0.0,0.0,0.0,1.0,1.0
2020-12-01,280290,0.0,0.0,0.0,0.0,0.0,0.0,3.0,3.0,0.0,0.0,0.0,0.0,0.0,0.0,3.0,3.0
2020-12-01,280300,3.0,0.0,0.0,0.0,0.0,0.0,1.0,4.0,0.0,0.0,0.0,0.0,0.0,0.0,1.0,1.0
2020-12-01,280350,2.0,0.0,0.0,0.0,0.0,0.0,1.0,3.0,1.0,0.0,0.0,0.0,0.0,0.0,0.0,1.0
2020-12-01,280400,1.0,0.0,0.0,0.0,0.0,0.0,1.0,2.0,0.0,0.0,0.0,0.0,0.0,0.0,1.0,1.0
2020-12-01,280560,0.0,1.0,0.0,0.0,0.0,0.0,1.0,2.0,0.0,1.0,0.0,0.0,0.0,0.0,0.0,1.0
2020-12-01,280570,1.0,0.0,0.0,0.0,0.0,0.0,2.0,3.0,0.0,0.0,0.0,0.0,0.0,0.0,0.0,0.0
2020-12-01,280580,4.0,0.0,0.0,0.0,0.0,0.0,1.0,5.0,0.0,0.0,0.0,0.0,0.0,0.0,0.0,0.0
2020-12-01,280630,4.0,0.0,0.0,0.0,0.0,0.0,2.0,6.0,1.0,0.0,0.0,0.0,0.0,0.0,0.0,1.0
2020-12-01,280710,3.0,0.0,0.0,0.0,0.0,0.0,1.0,4.0,0.0,0.0,0.0,0.0,0.0,0.0,1.0,1.0
2020-12-01,290070,0.0,0.0,0.0,0.0,0.0,0.0,1.0,1.0,0.0,0.0,0.0,0.0,0.0,0.0,1.0,1.0
2020-12-01,290230,0.0,0.0,2.0,0.0,0.0,0.0,2.0,4.0,0.0,0.0,0.0,0.0,0.0,0.0,2.0,2.0
2020-12-01,290290,0.0,0.0,0.0,0.0,0.0,0.0,1.0,1.0,0.0,0.0,0.0,0.0,0.0,0.0,0.0,0.0
2020-12-01,290320,0.0,0.0,1.0,0.0,0.0,0.0,2.0,3.0,0.0,0.0,0.0,0.0,0.0,0.0,0.0,0.0
2020-12-01,290390,0.0,0.0,0.0,0.0,0.0,0.0,1.0,1.0,0.0,0.0,0.0,0.0,0.0,0.0,1.0,1.0
2020-12-01,290460,0.0,1.0,0.0,0.0,0.0,0.0,3.0,4.0,0.0,0.0,0.0,0.0,0.0,0.0,0.0,0.0
2020-12-01,290570,3.0,1.0,0.0,0.0,0.0,0.0,1.0,5.0,1.0,0.0,0.0,0.0,0.0,0.0,0.0,1.0
2020-12-01,290610,0.0,0.0,0.0,0.0,0.0,0.0,2.0,2.0,0.0,0.0,0.0,0.0,0.0,0.0,1.0,1.0
2020-12-01,290660,0.0,0.0,0.0,0.0,0.0,0.0,1.0,1.0,0.0,0.0,0.0,0.0,0.0,0.0,0.0,0.0
2020-12-01,290840,0.0,1.0,0.0,0.0,0.0,0.0,1.0,2.0,0.0,1.0,0.0,0.0,0.0,0.0,0.0,1.0
2020-12-01,291005,0.0,1.0,0.0,0.0,0.0,0.0,2.0,3.0,0.0,0.0,0.0,0.0,0.0,0.0,0.0,0.0
2020-12-01,291070,0.0,0.0,0.0,0.0,0.0,0.0,1.0,1.0,0.0,0.0,0.0,0.0,0.0,0.0,0.0,0.0
2020-12-01,291080,30.0,9.0,0.0,0.0,0.0,0.0,2.0,41.0,3.0,3.0,0.0,0.0,0.0,0.0,0.0,6.0
2020-12-01,291170,0.0,0.0,0.0,0.0,0.0,0.0,1.0,1.0,0.0,0.0,0.0,0.0,0.0,0.0,0.0,0.0
2020-12-01,291290,0.0,0.0,0.0,0.0,0.0,0.0,1.0,1.0,0.0,0.0,0.0,0.0,0.0,0.0,0.0,0.0
2020-12-01,291360,1.0,3.0,1.0,0.0,0.0,0.0,1.0,6.0,0.0,1.0,1.0,0.0,0.0,0.0,1.0,3.0
2020-12-01,291370,0.0,0.0,0.0,0.0,0.0,0.0,1.0,1.0,0.0,0.0,0.0,0.0,0.0,0.0,0.0,0.0
2020-12-01,291460,0.0,0.0,0.0,0.0,0.0,0.0,1.0,1.0,0.0,0.0,0.0,0.0,0.0,0.0,1.0,1.0
2020-12-01,291560,0.0,1.0,0.0,0.0,0.0,0.0,1.0,2.0,0.0,0.0,0.0,0.0,0.0,0.0,0.0,0.0
2020-12-01,291580,0.0,1.0,0.0,0.0,0.0,0.0,1.0,2.0,0.0,1.0,0.0,0.0,0.0,0.0,0.0,1.0
2020-12-01,291700,0.0,0.0,0.0,0.0,0.0,0.0,1.0,1.0,0.0,0.0,0.0,0.0,0.0,0.0,0.0,0.0
2020-12-01,291735,0.0,0.0,0.0,0.0,0.0,0.0,1.0,1.0,0.0,0.0,0.0,0.0,0.0,0.0,0.0,0.0
2020-12-01,291780,0.0,0.0,1.0,0.0,0.0,0.0,2.0,3.0,0.0,0.0,0.0,0.0,0.0,0.0,0.0,0.0
2020-12-01,291800,7.0,2.0,3.0,0.0,0.0,0.0,1.0,13.0,1.0,0.0,2.0,0.0,0.0,0.0,0.0,3.0
2020-12-01,291840,15.0,3.0,0.0,0.0,0.0,0.0,11.0,29.0,6.0,0.0,0.0,0.0,0.0,0.0,4.0,10.0
2020-12-01,291920,5.0,11.0,0.0,0.0,0.0,0.0,2.0,18.0,2.0,4.0,0.0,0.0,0.0,0.0,0.0,6.0
2020-12-01,291950,0.0,0.0,0.0,0.0,0.0,0.0,3.0,3.0,0.0,0.0,0.0,0.0,0.0,0.0,0.0,0.0
2020-12-01,292010,0.0,0.0,0.0,0.0,0.0,0.0,1.0,1.0,0.0,0.0,0.0,0.0,0.0,0.0,0.0,0.0
2020-12-01,292120,0.0,0.0,4.0,0.0,0.0,0.0,4.0,8.0,0.0,0.0,0.0,0.0,0.0,0.0,1.0,1.0
2020-12-01,292220,0.0,0.0,1.0,0.0,0.0,0.0,1.0,2.0,0.0,0.0,0.0,0.0,0.0,0.0,1.0,1.0
2020-12-01,292230,0.0,0.0,0.0,0.0,0.0,0.0,1.0,1.0,0.0,0.0,0.0,0.0,0.0,0.0,0.0,0.0
2020-12-01,292250,0.0,0.0,5.0,1.0,0.0,0.0,9.0,15.0,0.0,0.0,1.0,0.0,0.0,0.0,0.0,1.0
2020-12-01,292340,0.0,0.0,0.0,0.0,0.0,0.0,1.0,1.0,0.0,0.0,0.0,0.0,0.0,0.0,0.0,0.0
2020-12-01,292400,1.0,0.0,1.0,0.0,0.0,0.0,1.0,3.0,1.0,0.0,0.0,0.0,0.0,0.0,0.0,1.0
2020-12-01,292510,0.0,0.0,0.0,0.0,0.0,0.0,9.0,9.0,0.0,0.0,0.0,0.0,0.0,0.0,0.0,0.0
2020-12-01,292640,0.0,0.0,0.0,0.0,0.0,0.0,2.0,2.0,0.0,0.0,0.0,0.0,0.0,0.0,0.0,0.0
2020-12-01,292720,2.0,0.0,9.0,0.0,0.0,0.0,3.0,14.0,0.0,0.0,0.0,0.0,0.0,0.0,0.0,0.0
2020-12-01,292740,53.0,62.0,6.0,0.0,0.0,0.0,42.0,163.0,9.0,16.0,1.0,0.0,0.0,0.0,2.0,28.0
2020-12-01,292820,0.0,0.0,0.0,0.0,0.0,0.0,1.0,1.0,0.0,0.0,0.0,0.0,0.0,0.0,0.0,0.0
2020-12-01,292870,0.0,0.0,0.0,0.0,0.0,0.0,2.0,2.0,0.0,0.0,0.0,0.0,0.0,0.0,1.0,1.0
2020-12-01,292905,0.0,0.0,0.0,0.0,0.0,0.0,2.0,2.0,0.0,0.0,0.0,0.0,0.0,0.0,0.0,0.0
2020-12-01,292990,0.0,0.0,0.0,0.0,0.0,0.0,1.0,1.0,0.0,0.0,0.0,0.0,0.0,0.0,1.0,1.0
2020-12-01,293040,0.0,0.0,0.0,0.0,0.0,0.0,1.0,1.0,0.0,0.0,0.0,0.0,0.0,0.0,0.0,0.0
2020-12-01,293105,0.0,0.0,0.0,0.0,0.0,0.0,1.0,1.0,0.0,0.0,0.0,0.0,0.0,0.0,0.0,0.0
2020-12-01,293130,0.0,0.0,0.0,0.0,0.0,0.0,1.0,1.0,0.0,0.0,0.0,0.0,0.0,0.0,0.0,0.0
2020-12-01,293330,5.0,2.0,3.0,0.0,0.0,0.0,1.0,11.0,1.0,1.0,0.0,0.0,0.0,0.0,1.0,3.0
2020-12-01,310110,0.0,0.0,2.0,0.0,0.0,0.0,3.0,5.0,0.0,0.0,0.0,0.0,0.0,0.0,0.0,0.0
2020-12-01,310170,0.0,1.0,0.0,0.0,0.0,0.0,4.0,5.0,0.0,1.0,0.0,0.0,0.0,0.0,0.0,1.0
2020-12-01,310210,1.0,0.0,1.0,0.0,0.0,0.0,1.0,3.0,0.0,0.0,0.0,0.0,0.0,0.0,0.0,0.0
2020-12-01,310240,2.0,0.0,0.0,0.0,0.0,0.0,1.0,3.0,0.0,0.0,0.0,0.0,0.0,0.0,0.0,0.0
2020-12-01,310290,0.0,0.0,0.0,0.0,0.0,0.0,1.0,1.0,0.0,0.0,0.0,0.0,0.0,0.0,0.0,0.0
2020-12-01,310340,1.0,3.0,0.0,0.0,0.0,0.0,2.0,6.0,0.0,0.0,0.0,0.0,0.0,0.0,2.0,2.0
2020-12-01,310350,1.0,0.0,1.0,0.0,0.0,0.0,8.0,10.0,0.0,0.0,1.0,0.0,0.0,0.0,1.0,2.0
2020-12-01,310370,0.0,0.0,0.0,0.0,0.0,0.0,2.0,2.0,0.0,0.0,0.0,0.0,0.0,0.0,2.0,2.0
2020-12-01,310420,0.0,0.0,0.0,0.0,0.0,0.0,1.0,1.0,0.0,0.0,0.0,0.0,0.0,0.0,0.0,0.0
2020-12-01,310430,4.0,0.0,0.0,0.0,0.0,0.0,1.0,5.0,0.0,0.0,0.0,0.0,0.0,0.0,1.0,1.0
2020-12-01,310480,0.0,0.0,0.0,0.0,0.0,0.0,1.0,1.0,0.0,0.0,0.0,0.0,0.0,0.0,0.0,0.0
2020-12-01,310560,59.0,2.0,1.0,0.0,0.0,0.0,13.0,75.0,1.0,1.0,0.0,0.0,0.0,0.0,2.0,4.0
2020-12-01,310620,11.0,2.0,3.0,0.0,2.0,0.0,33.0,51.0,2.0,0.0,1.0,0.0,1.0,0.0,8.0,12.0
2020-12-01,310640,1.0,0.0,0.0,0.0,0.0,0.0,1.0,2.0,0.0,0.0,0.0,0.0,0.0,0.0,0.0,0.0
2020-12-01,310670,0.0,1.0,0.0,0.0,0.0,0.0,12.0,13.0,0.0,1.0,0.0,0.0,0.0,0.0,1.0,2.0
2020-12-01,310730,0.0,1.0,1.0,0.0,0.0,0.0,1.0,3.0,0.0,0.0,1.0,0.0,0.0,0.0,0.0,1.0
2020-12-01,310850,0.0,0.0,0.0,0.0,0.0,0.0,1.0,1.0,0.0,0.0,0.0,0.0,0.0,0.0,0.0,0.0
2020-12-01,310870,0.0,0.0,0.0,0.0,0.0,0.0,2.0,2.0,0.0,0.0,0.0,0.0,0.0,0.0,0.0,0.0
2020-12-01,310900,0.0,0.0,0.0,0.0,0.0,0.0,2.0,2.0,0.0,0.0,0.0,0.0,0.0,0.0,0.0,0.0
2020-12-01,310930,0.0,0.0,0.0,0.0,0.0,0.0,1.0,1.0,0.0,0.0,0.0,0.0,0.0,0.0,0.0,0.0
2020-12-01,310970,0.0,0.0,0.0,0.0,0.0,0.0,1.0,1.0,0.0,0.0,0.0,0.0,0.0,0.0,1.0,1.0
2020-12-01,311010,1.0,0.0,2.0,0.0,0.0,0.0,1.0,4.0,0.0,0.0,1.0,0.0,0.0,0.0,0.0,1.0
2020-12-01,311020,0.0,0.0,0.0,0.0,0.0,0.0,1.0,1.0,0.0,0.0,0.0,0.0,0.0,0.0,0.0,0.0
2020-12-01,311060,0.0,0.0,0.0,0.0,0.0,0.0,3.0,3.0,0.0,0.0,0.0,0.0,0.0,0.0,0.0,0.0
2020-12-01,311150,0.0,0.0,0.0,0.0,0.0,0.0,1.0,1.0,0.0,0.0,0.0,0.0,0.0,0.0,0.0,0.0
2020-12-01,311210,0.0,1.0,1.0,0.0,0.0,0.0,1.0,3.0,0.0,0.0,0.0,0.0,0.0,0.0,0.0,0.0
2020-12-01,311230,1.0,0.0,1.0,0.0,0.0,0.0,3.0,5.0,0.0,0.0,0.0,0.0,0.0,0.0,1.0,1.0
2020-12-01,311320,1.0,0.0,0.0,0.0,0.0,0.0,1.0,2.0,0.0,0.0,0.0,0.0,0.0,0.0,0.0,0.0
2020-12-01,311330,0.0,6.0,1.0,0.0,0.0,0.0,1.0,8.0,0.0,4.0,0.0,0.0,0.0,0.0,1.0,5.0
2020-12-01,311510,0.0,1.0,1.0,0.0,0.0,0.0,2.0,4.0,0.0,1.0,1.0,0.0,0.0,0.0,1.0,3.0
2020-12-01,311640,0.0,0.0,0.0,0.0,0.0,0.0,1.0,1.0,0.0,0.0,0.0,0.0,0.0,0.0,0.0,0.0
2020-12-01,311680,0.0,0.0,0.0,0.0,0.0,0.0,1.0,1.0,0.0,0.0,0.0,0.0,0.0,0.0,1.0,1.0
2020-12-01,311730,0.0,0.0,0.0,0.0,0.0,0.0,9.0,9.0,0.0,0.0,0.0,0.0,0.0,0.0,1.0,1.0
2020-12-01,311800,1.0,1.0,0.0,0.0,0.0,0.0,1.0,3.0,0.0,0.0,0.0,0.0,0.0,0.0,0.0,0.0
2020-12-01,311860,0.0,1.0,0.0,0.0,0.0,0.0,6.0,7.0,0.0,1.0,0.0,0.0,0.0,0.0,0.0,1.0
2020-12-01,311870,1.0,0.0,0.0,0.0,0.0,0.0,1.0,2.0,0.0,0.0,0.0,0.0,0.0,0.0,0.0,0.0
2020-12-01,311880,0.0,0.0,0.0,0.0,0.0,0.0,2.0,2.0,0.0,0.0,0.0,0.0,0.0,0.0,0.0,0.0
2020-12-01,311940,1.0,0.0,1.0,0.0,0.0,0.0,1.0,3.0,0.0,0.0,1.0,0.0,0.0,0.0,0.0,1.0
2020-12-01,312090,1.0,0.0,0.0,0.0,0.0,0.0,1.0,2.0,1.0,0.0,0.0,0.0,0.0,0.0,0.0,1.0
2020-12-01,312150,0.0,0.0,0.0,0.0,0.0,0.0,1.0,1.0,0.0,0.0,0.0,0.0,0.0,0.0,0.0,0.0
2020-12-01,312160,2.0,0.0,2.0,0.0,0.0,0.0,3.0,7.0,0.0,0.0,2.0,0.0,0.0,0.0,1.0,3.0
2020-12-01,312220,0.0,0.0,0.0,0.0,0.0,0.0,2.0,2.0,0.0,0.0,0.0,0.0,0.0,0.0,0.0,0.0
2020-12-01,312260,0.0,0.0,0.0,0.0,0.0,0.0,1.0,1.0,0.0,0.0,0.0,0.0,0.0,0.0,0.0,0.0
2020-12-01,312410,2.0,1.0,0.0,0.0,0.0,0.0,3.0,6.0,2.0,1.0,0.0,0.0,0.0,0.0,0.0,3.0
2020-12-01,312660,0.0,0.0,0.0,0.0,0.0,0.0,1.0,1.0,0.0,0.0,0.0,0.0,0.0,0.0,0.0,0.0
2020-12-01,312670,0.0,0.0,0.0,0.0,0.0,0.0,2.0,2.0,0.0,0.0,0.0,0.0,0.0,0.0,0.0,0.0
2020-12-01,312675,0.0,0.0,0.0,0.0,0.0,0.0,1.0,1.0,0.0,0.0,0.0,0.0,0.0,0.0,0.0,0.0
2020-12-01,312707,0.0,0.0,0.0,0.0,0.0,0.0,1.0,1.0,0.0,0.0,0.0,0.0,0.0,0.0,0.0,0.0
2020-12-01,312780,0.0,0.0,0.0,0.0,0.0,0.0,4.0,4.0,0.0,0.0,0.0,0.0,0.0,0.0,0.0,0.0
2020-12-01,312800,0.0,0.0,0.0,0.0,0.0,0.0,1.0,1.0,0.0,0.0,0.0,0.0,0.0,0.0,0.0,0.0
2020-12-01,312820,0.0,0.0,0.0,0.0,0.0,0.0,1.0,1.0,0.0,0.0,0.0,0.0,0.0,0.0,0.0,0.0
2020-12-01,312880,0.0,0.0,0.0,0.0,0.0,0.0,1.0,1.0,0.0,0.0,0.0,0.0,0.0,0.0,1.0,1.0
2020-12-01,312890,0.0,0.0,0.0,0.0,0.0,0.0,1.0,1.0,0.0,0.0,0.0,0.0,0.0,0.0,0.0,0.0
2020-12-01,312900,0.0,0.0,0.0,0.0,0.0,0.0,1.0,1.0,0.0,0.0,0.0,0.0,0.0,0.0,0.0,0.0
2020-12-01,312940,0.0,0.0,0.0,0.0,0.0,0.0,5.0,5.0,0.0,0.0,0.0,0.0,0.0,0.0,2.0,2.0
2020-12-01,312980,0.0,1.0,0.0,0.0,0.0,0.0,3.0,4.0,0.0,0.0,0.0,0.0,0.0,0.0,1.0,1.0
2020-12-01,313120,0.0,0.0,0.0,0.0,0.0,0.0,1.0,1.0,0.0,0.0,0.0,0.0,0.0,0.0,0.0,0.0
2020-12-01,313130,0.0,0.0,1.0,0.0,0.0,0.0,5.0,6.0,0.0,0.0,0.0,0.0,0.0,0.0,1.0,1.0
2020-12-01,313170,2.0,0.0,2.0,1.0,0.0,0.0,3.0,8.0,0.0,0.0,0.0,0.0,0.0,0.0,0.0,0.0
2020-12-01,313190,1.0,0.0,0.0,0.0,0.0,0.0,1.0,2.0,0.0,0.0,0.0,0.0,0.0,0.0,0.0,0.0
2020-12-01,313250,1.0,2.0,2.0,0.0,0.0,0.0,1.0,6.0,0.0,0.0,1.0,0.0,0.0,0.0,1.0,2.0
2020-12-01,313270,0.0,2.0,0.0,0.0,0.0,0.0,1.0,3.0,0.0,1.0,0.0,0.0,0.0,0.0,0.0,1.0
2020-12-01,313330,0.0,0.0,0.0,0.0,0.0,0.0,1.0,1.0,0.0,0.0,0.0,0.0,0.0,0.0,0.0,0.0
2020-12-01,313340,1.0,0.0,0.0,0.0,0.0,0.0,2.0,3.0,0.0,0.0,0.0,0.0,0.0,0.0,1.0,1.0
2020-12-01,313420,11.0,10.0,2.0,0.0,0.0,0.0,9.0,32.0,2.0,2.0,0.0,0.0,0.0,0.0,1.0,5.0
2020-12-01,313440,1.0,0.0,0.0,1.0,0.0,0.0,1.0,3.0,0.0,0.0,0.0,0.0,0.0,0.0,0.0,0.0
2020-12-01,313490,1.0,0.0,0.0,0.0,0.0,0.0,1.0,2.0,0.0,0.0,0.0,0.0,0.0,0.0,1.0,1.0
2020-12-01,313510,1.0,5.0,4.0,0.0,0.0,0.0,1.0,11.0,1.0,4.0,3.0,0.0,0.0,0.0,1.0,9.0
2020-12-01,313580,0.0,2.0,2.0,0.0,0.0,0.0,4.0,8.0,0.0,2.0,0.0,0.0,0.0,0.0,0.0,2.0
2020-12-01,313657,0.0,0.0,0.0,0.0,0.0,0.0,1.0,1.0,0.0,0.0,0.0,0.0,0.0,0.0,1.0,1.0
2020-12-01,313665,0.0,0.0,0.0,0.0,0.0,0.0,1.0,1.0,0.0,0.0,0.0,0.0,0.0,0.0,0.0,0.0
2020-12-01,313670,8.0,6.0,1.0,1.0,0.0,0.0,18.0,34.0,1.0,2.0,0.0,0.0,0.0,0.0,5.0,8.0
2020-12-01,313680,0.0,0.0,0.0,0.0,0.0,0.0,1.0,1.0,0.0,0.0,0.0,0.0,0.0,0.0,0.0,0.0
2020-12-01,313750,0.0,0.0,1.0,0.0,0.0,0.0,1.0,2.0,0.0,0.0,1.0,0.0,0.0,0.0,0.0,1.0
2020-12-01,313840,1.0,2.0,2.0,0.0,0.0,0.0,1.0,6.0,0.0,0.0,0.0,0.0,0.0,0.0,0.0,0.0
2020-12-01,313900,1.0,3.0,0.0,0.0,0.0,0.0,1.0,5.0,0.0,1.0,0.0,0.0,0.0,0.0,1.0,2.0
2020-12-01,313920,0.0,0.0,0.0,0.0,0.0,0.0,3.0,3.0,0.0,0.0,0.0,0.0,0.0,0.0,0.0,0.0
2020-12-01,314000,1.0,0.0,2.0,0.0,0.0,0.0,3.0,6.0,1.0,0.0,0.0,0.0,0.0,0.0,0.0,1.0
2020-12-01,314220,0.0,0.0,0.0,0.0,0.0,0.0,1.0,1.0,0.0,0.0,0.0,0.0,0.0,0.0,0.0,0.0
2020-12-01,314230,0.0,0.0,0.0,0.0,0.0,0.0,1.0,1.0,0.0,0.0,0.0,0.0,0.0,0.0,0.0,0.0
2020-12-01,314280,1.0,1.0,0.0,0.0,0.0,0.0,2.0,4.0,1.0,1.0,0.0,0.0,0.0,0.0,0.0,2.0
2020-12-01,314310,1.0,2.0,3.0,0.0,0.0,0.0,1.0,7.0,0.0,0.0,2.0,0.0,0.0,0.0,1.0,3.0
2020-12-01,314320,0.0,2.0,1.0,0.0,0.0,0.0,4.0,7.0,0.0,2.0,0.0,0.0,0.0,0.0,1.0,3.0
2020-12-01,314330,16.0,6.0,15.0,0.0,0.0,1.0,18.0,56.0,5.0,3.0,5.0,0.0,0.0,1.0,4.0,18.0
2020-12-01,314350,0.0,0.0,0.0,0.0,0.0,0.0,3.0,3.0,0.0,0.0,0.0,0.0,0.0,0.0,0.0,0.0
2020-12-01,314400,1.0,0.0,0.0,0.0,0.0,0.0,2.0,3.0,1.0,0.0,0.0,0.0,0.0,0.0,1.0,2.0
2020-12-01,314460,1.0,1.0,0.0,0.0,0.0,0.0,1.0,3.0,0.0,0.0,0.0,0.0,0.0,0.0,0.0,0.0
2020-12-01,314480,1.0,1.0,0.0,0.0,0.0,0.0,6.0,8.0,0.0,1.0,0.0,0.0,0.0,0.0,2.0,3.0
2020-12-01,314520,2.0,0.0,0.0,0.0,0.0,0.0,1.0,3.0,0.0,0.0,0.0,0.0,0.0,0.0,0.0,0.0
2020-12-01,314610,1.0,1.0,3.0,0.0,0.0,0.0,5.0,10.0,0.0,0.0,2.0,0.0,0.0,0.0,0.0,2.0
2020-12-01,314800,1.0,0.0,0.0,0.0,0.0,0.0,2.0,3.0,0.0,0.0,0.0,0.0,0.0,0.0,0.0,0.0
2020-12-01,314810,4.0,0.0,0.0,0.0,0.0,0.0,2.0,6.0,1.0,0.0,0.0,0.0,0.0,0.0,0.0,1.0
2020-12-01,314820,0.0,0.0,0.0,0.0,0.0,0.0,2.0,2.0,0.0,0.0,0.0,0.0,0.0,0.0,0.0,0.0
2020-12-01,314880,0.0,0.0,0.0,0.0,0.0,0.0,1.0,1.0,0.0,0.0,0.0,0.0,0.0,0.0,0.0,0.0
2020-12-01,314930,0.0,0.0,0.0,0.0,0.0,0.0,1.0,1.0,0.0,0.0,0.0,0.0,0.0,0.0,1.0,1.0
2020-12-01,314970,0.0,0.0,0.0,0.0,0.0,0.0,1.0,1.0,0.0,0.0,0.0,0.0,0.0,0.0,0.0,0.0
2020-12-01,315080,0.0,0.0,0.0,0.0,0.0,0.0,1.0,1.0,0.0,0.0,0.0,0.0,0.0,0.0,1.0,1.0
2020-12-01,315150,2.0,1.0,0.0,0.0,0.0,0.0,2.0,5.0,0.0,0.0,0.0,0.0,0.0,0.0,0.0,0.0
2020-12-01,315170,0.0,0.0,0.0,0.0,0.0,0.0,1.0,1.0,0.0,0.0,0.0,0.0,0.0,0.0,0.0,0.0
2020-12-01,315180,2.0,1.0,0.0,0.0,0.0,0.0,4.0,7.0,1.0,0.0,0.0,0.0,0.0,0.0,0.0,1.0
2020-12-01,315230,0.0,0.0,0.0,0.0,0.0,0.0,2.0,2.0,0.0,0.0,0.0,0.0,0.0,0.0,0.0,0.0
2020-12-01,315240,0.0,0.0,0.0,0.0,0.0,0.0,3.0,3.0,0.0,0.0,0.0,0.0,0.0,0.0,1.0,1.0
2020-12-01,315250,3.0,0.0,3.0,0.0,0.0,0.0,2.0,8.0,1.0,0.0,2.0,0.0,0.0,0.0,1.0,4.0
2020-12-01,315270,0.0,0.0,0.0,0.0,0.0,0.0,2.0,2.0,0.0,0.0,0.0,0.0,0.0,0.0,0.0,0.0
2020-12-01,315280,1.0,0.0,0.0,0.0,0.0,0.0,2.0,3.0,0.0,0.0,0.0,0.0,0.0,0.0,0.0,0.0
2020-12-01,315340,0.0,0.0,0.0,0.0,0.0,0.0,1.0,1.0,0.0,0.0,0.0,0.0,0.0,0.0,0.0,0.0
2020-12-01,315460,8.0,4.0,2.0,0.0,0.0,0.0,3.0,17.0,2.0,4.0,1.0,0.0,0.0,0.0,0.0,7.0
2020-12-01,315550,1.0,0.0,0.0,0.0,0.0,0.0,1.0,2.0,0.0,0.0,0.0,0.0,0.0,0.0,0.0,0.0
2020-12-01,315580,0.0,0.0,4.0,0.0,0.0,0.0,1.0,5.0,0.0,0.0,2.0,0.0,0.0,0.0,0.0,2.0
2020-12-01,315670,0.0,1.0,1.0,0.0,0.0,0.0,1.0,3.0,0.0,0.0,1.0,0.0,0.0,0.0,0.0,1.0
2020-12-01,315700,0.0,1.0,0.0,0.0,0.0,0.0,6.0,7.0,0.0,0.0,0.0,0.0,0.0,0.0,0.0,0.0
2020-12-01,315720,0.0,0.0,0.0,0.0,0.0,0.0,1.0,1.0,0.0,0.0,0.0,0.0,0.0,0.0,0.0,0.0
2020-12-01,315780,2.0,0.0,0.0,1.0,0.0,0.0,5.0,8.0,1.0,0.0,0.0,0.0,0.0,0.0,0.0,1.0
2020-12-01,315830,0.0,0.0,0.0,0.0,0.0,0.0,1.0,1.0,0.0,0.0,0.0,0.0,0.0,0.0,0.0,0.0
2020-12-01,315870,0.0,0.0,0.0,0.0,0.0,0.0,1.0,1.0,0.0,0.0,0.0,0.0,0.0,0.0,0.0,0.0
2020-12-01,315895,0.0,0.0,0.0,0.0,0.0,0.0,1.0,1.0,0.0,0.0,0.0,0.0,0.0,0.0,0.0,0.0
2020-12-01,315900,0.0,0.0,0.0,0.0,0.0,0.0,1.0,1.0,0.0,0.0,0.0,0.0,0.0,0.0,0.0,0.0
2020-12-01,315960,1.0,1.0,2.0,0.0,0.0,0.0,1.0,5.0,0.0,1.0,0.0,0.0,0.0,0.0,0.0,1.0
2020-12-01,316190,0.0,0.0,0.0,0.0,0.0,0.0,1.0,1.0,0.0,0.0,0.0,0.0,0.0,0.0,0.0,0.0
2020-12-01,316200,1.0,0.0,0.0,0.0,0.0,0.0,1.0,2.0,0.0,0.0,0.0,0.0,0.0,0.0,1.0,1.0
2020-12-01,316210,0.0,0.0,0.0,0.0,0.0,0.0,1.0,1.0,0.0,0.0,0.0,0.0,0.0,0.0,0.0,0.0
2020-12-01,316250,3.0,1.0,0.0,0.0,0.0,0.0,2.0,6.0,0.0,1.0,0.0,0.0,0.0,0.0,1.0,2.0
2020-12-01,316290,0.0,0.0,0.0,0.0,0.0,0.0,1.0,1.0,0.0,0.0,0.0,0.0,0.0,0.0,0.0,0.0
2020-12-01,316310,0.0,0.0,0.0,0.0,0.0,0.0,1.0,1.0,0.0,0.0,0.0,0.0,0.0,0.0,0.0,0.0
2020-12-01,316330,1.0,0.0,0.0,0.0,0.0,0.0,1.0,2.0,0.0,0.0,0.0,0.0,0.0,0.0,0.0,0.0
2020-12-01,316370,1.0,5.0,0.0,0.0,0.0,0.0,1.0,7.0,0.0,0.0,0.0,0.0,0.0,0.0,0.0,0.0
2020-12-01,316430,0.0,0.0,0.0,0.0,0.0,0.0,1.0,1.0,0.0,0.0,0.0,0.0,0.0,0.0,1.0,1.0
2020-12-01,316500,0.0,0.0,0.0,0.0,0.0,0.0,1.0,1.0,0.0,0.0,0.0,0.0,0.0,0.0,1.0,1.0
2020-12-01,316570,0.0,0.0,0.0,0.0,0.0,0.0,1.0,1.0,0.0,0.0,0.0,0.0,0.0,0.0,0.0,0.0
2020-12-01,316720,0.0,2.0,0.0,0.0,0.0,0.0,9.0,11.0,0.0,1.0,0.0,0.0,0.0,0.0,1.0,2.0
2020-12-01,316730,0.0,0.0,0.0,0.0,0.0,0.0,1.0,1.0,0.0,0.0,0.0,0.0,0.0,0.0,0.0,0.0
2020-12-01,316800,0.0,0.0,0.0,0.0,0.0,0.0,2.0,2.0,0.0,0.0,0.0,0.0,0.0,0.0,1.0,1.0
2020-12-01,316820,0.0,1.0,0.0,0.0,0.0,0.0,1.0,2.0,0.0,0.0,0.0,0.0,0.0,0.0,0.0,0.0
2020-12-01,316850,0.0,0.0,0.0,0.0,0.0,0.0,1.0,1.0,0.0,0.0,0.0,0.0,0.0,0.0,0.0,0.0
2020-12-01,316940,5.0,0.0,1.0,0.0,0.0,0.0,9.0,15.0,1.0,0.0,0.0,0.0,0.0,0.0,0.0,1.0
2020-12-01,316960,1.0,0.0,0.0,0.0,0.0,0.0,1.0,2.0,0.0,0.0,0.0,0.0,0.0,0.0,0.0,0.0
2020-12-01,316990,1.0,0.0,0.0,0.0,0.0,0.0,8.0,9.0,0.0,0.0,0.0,0.0,0.0,0.0,1.0,1.0
2020-12-01,317000,0.0,0.0,0.0,0.0,0.0,0.0,1.0,1.0,0.0,0.0,0.0,0.0,0.0,0.0,0.0,0.0
2020-12-01,317010,6.0,4.0,5.0,3.0,0.0,0.0,21.0,39.0,0.0,1.0,3.0,3.0,0.0,0.0,7.0,14.0
2020-12-01,317020,13.0,10.0,10.0,1.0,0.0,0.0,13.0,47.0,4.0,1.0,3.0,1.0,0.0,0.0,2.0,11.0
2020-12-01,317070,3.0,0.0,0.0,0.0,0.0,0.0,2.0,5.0,0.0,0.0,0.0,0.0,0.0,0.0,1.0,1.0
2020-12-01,317080,0.0,0.0,0.0,0.0,0.0,0.0,1.0,1.0,0.0,0.0,0.0,0.0,0.0,0.0,0.0,0.0
2020-12-01,317120,0.0,0.0,2.0,0.0,0.0,0.0,2.0,4.0,0.0,0.0,0.0,0.0,0.0,0.0,0.0,0.0
2020-12-01,317130,0.0,0.0,0.0,0.0,0.0,0.0,12.0,12.0,0.0,0.0,0.0,0.0,0.0,0.0,2.0,2.0
2020-12-01,317140,0.0,0.0,0.0,0.0,0.0,0.0,1.0,1.0,0.0,0.0,0.0,0.0,0.0,0.0,0.0,0.0
2020-12-01,317170,0.0,0.0,0.0,0.0,0.0,0.0,2.0,2.0,0.0,0.0,0.0,0.0,0.0,0.0,0.0,0.0
2020-12-01,317180,0.0,0.0,0.0,0.0,0.0,0.0,2.0,2.0,0.0,0.0,0.0,0.0,0.0,0.0,0.0,0.0
2020-12-01,317200,0.0,1.0,0.0,0.0,0.0,0.0,4.0,5.0,0.0,0.0,0.0,0.0,0.0,0.0,2.0,2.0
2020-12-01,320010,1.0,0.0,0.0,0.0,0.0,0.0,1.0,2.0,1.0,0.0,0.0,0.0,0.0,0.0,0.0,1.0
2020-12-01,320060,1.0,0.0,1.0,0.0,0.0,0.0,1.0,3.0,1.0,0.0,0.0,0.0,0.0,0.0,1.0,2.0
2020-12-01,320120,5.0,2.0,3.0,0.0,0.0,0.0,3.0,13.0,0.0,0.0,0.0,0.0,0.0,0.0,0.0,0.0
2020-12-01,320130,1.0,16.0,3.0,0.0,1.0,0.0,8.0,29.0,0.0,4.0,1.0,0.0,1.0,0.0,3.0,9.0
2020-12-01,320140,0.0,0.0,5.0,0.0,0.0,0.0,1.0,6.0,0.0,0.0,2.0,0.0,0.0,0.0,0.0,2.0
2020-12-01,320150,0.0,0.0,1.0,0.0,0.0,0.0,6.0,7.0,0.0,0.0,0.0,0.0,0.0,0.0,4.0,4.0
2020-12-01,320210,0.0,0.0,0.0,0.0,0.0,0.0,1.0,1.0,0.0,0.0,0.0,0.0,0.0,0.0,0.0,0.0
2020-12-01,320230,0.0,0.0,0.0,0.0,0.0,0.0,1.0,1.0,0.0,0.0,0.0,0.0,0.0,0.0,0.0,0.0
2020-12-01,320290,0.0,0.0,0.0,0.0,0.0,0.0,1.0,1.0,0.0,0.0,0.0,0.0,0.0,0.0,0.0,0.0
2020-12-01,320300,0.0,0.0,0.0,0.0,0.0,0.0,1.0,1.0,0.0,0.0,0.0,0.0,0.0,0.0,1.0,1.0
2020-12-01,320320,0.0,4.0,2.0,0.0,0.0,0.0,1.0,7.0,0.0,1.0,0.0,0.0,0.0,0.0,0.0,1.0
2020-12-01,320332,2.0,0.0,4.0,0.0,0.0,0.0,2.0,8.0,2.0,0.0,0.0,0.0,0.0,0.0,0.0,2.0
2020-12-01,320390,1.0,0.0,5.0,0.0,0.0,0.0,6.0,12.0,1.0,0.0,3.0,0.0,0.0,0.0,0.0,4.0
2020-12-01,320405,1.0,0.0,0.0,0.0,0.0,0.0,1.0,2.0,0.0,0.0,0.0,0.0,0.0,0.0,0.0,0.0
2020-12-01,320420,0.0,0.0,0.0,0.0,0.0,0.0,1.0,1.0,0.0,0.0,0.0,0.0,0.0,0.0,0.0,0.0
2020-12-01,320455,0.0,0.0,0.0,0.0,0.0,0.0,1.0,1.0,0.0,0.0,0.0,0.0,0.0,0.0,0.0,0.0
2020-12-01,320470,0.0,1.0,0.0,0.0,0.0,0.0,2.0,3.0,0.0,0.0,0.0,0.0,0.0,0.0,0.0,0.0
2020-12-01,320490,2.0,1.0,1.0,0.0,0.0,0.0,3.0,7.0,0.0,0.0,0.0,0.0,0.0,0.0,1.0,1.0
2020-12-01,320500,4.0,16.0,3.0,0.0,0.0,0.0,4.0,27.0,3.0,7.0,2.0,0.0,0.0,0.0,1.0,13.0
2020-12-01,320501,0.0,0.0,0.0,0.0,0.0,0.0,1.0,1.0,0.0,0.0,0.0,0.0,0.0,0.0,0.0,0.0
2020-12-01,320506,0.0,1.0,1.0,0.0,0.0,0.0,1.0,3.0,0.0,0.0,0.0,0.0,0.0,0.0,1.0,1.0
2020-12-01,320510,0.0,4.0,0.0,0.0,0.0,0.0,3.0,7.0,0.0,2.0,0.0,0.0,0.0,0.0,2.0,4.0
2020-12-01,320520,9.0,19.0,4.0,0.0,0.0,0.0,5.0,37.0,3.0,3.0,2.0,0.0,0.0,0.0,3.0,11.0
2020-12-01,320530,2.0,13.0,0.0,0.0,0.0,0.0,7.0,22.0,1.0,4.0,0.0,0.0,0.0,0.0,3.0,8.0
2020-12-01,330023,3.0,1.0,0.0,0.0,0.0,0.0,1.0,5.0,2.0,1.0,0.0,0.0,0.0,0.0,0.0,3.0
2020-12-01,330040,4.0,8.0,0.0,0.0,0.0,0.0,1.0,13.0,1.0,0.0,0.0,0.0,0.0,0.0,0.0,1.0
2020-12-01,330060,1.0,0.0,0.0,1.0,0.0,0.0,2.0,4.0,1.0,0.0,0.0,0.0,0.0,0.0,2.0,3.0
2020-12-01,330070,5.0,3.0,2.0,0.0,0.0,0.0,3.0,13.0,1.0,3.0,0.0,0.0,0.0,0.0,2.0,6.0
2020-12-01,330100,18.0,1.0,0.0,0.0,0.0,0.0,1.0,20.0,3.0,0.0,0.0,0.0,0.0,0.0,1.0,4.0
2020-12-01,330120,1.0,0.0,1.0,0.0,0.0,0.0,1.0,3.0,1.0,0.0,1.0,0.0,0.0,0.0,0.0,2.0
2020-12-01,330170,5.0,10.0,0.0,0.0,0.0,0.0,2.0,17.0,2.0,2.0,0.0,0.0,0.0,0.0,0.0,4.0
2020-12-01,330200,2.0,3.0,1.0,0.0,0.0,0.0,3.0,9.0,0.0,1.0,0.0,0.0,0.0,0.0,0.0,1.0
2020-12-01,330220,1.0,0.0,0.0,0.0,0.0,0.0,1.0,2.0,0.0,0.0,0.0,0.0,0.0,0.0,0.0,0.0
2020-12-01,330300,0.0,0.0,0.0,0.0,0.0,0.0,1.0,1.0,0.0,0.0,0.0,0.0,0.0,0.0,1.0,1.0
2020-12-01,330330,66.0,37.0,6.0,0.0,0.0,0.0,26.0,135.0,8.0,7.0,3.0,0.0,0.0,0.0,2.0,20.0
2020-12-01,330370,3.0,1.0,0.0,0.0,0.0,0.0,1.0,5.0,0.0,0.0,0.0,0.0,0.0,0.0,0.0,0.0
2020-12-01,330380,2.0,2.0,2.0,0.0,0.0,0.0,1.0,7.0,0.0,0.0,1.0,0.0,0.0,0.0,1.0,2.0
2020-12-01,330385,0.0,0.0,1.0,0.0,0.0,0.0,1.0,2.0,0.0,0.0,0.0,0.0,0.0,0.0,0.0,0.0
2020-12-01,330390,62.0,7.0,4.0,0.0,0.0,0.0,9.0,82.0,3.0,0.0,1.0,0.0,0.0,0.0,0.0,4.0
2020-12-01,330395,0.0,0.0,0.0,0.0,0.0,0.0,1.0,1.0,0.0,0.0,0.0,0.0,0.0,0.0,0.0,0.0
2020-12-01,330410,0.0,0.0,0.0,0.0,0.0,0.0,3.0,3.0,0.0,0.0,0.0,0.0,0.0,0.0,1.0,1.0
2020-12-01,330411,0.0,0.0,1.0,0.0,0.0,0.0,1.0,2.0,0.0,0.0,1.0,0.0,0.0,0.0,0.0,1.0
2020-12-01,330420,9.0,0.0,0.0,0.0,0.0,0.0,4.0,13.0,2.0,0.0,0.0,0.0,0.0,0.0,1.0,3.0
2020-12-01,330455,273.0,135.0,26.0,0.0,0.0,0.0,49.0,483.0,33.0,42.0,8.0,0.0,0.0,0.0,14.0,97.0
2020-12-01,330490,80.0,25.0,16.0,0.0,0.0,0.0,2.0,123.0,4.0,6.0,5.0,0.0,0.0,0.0,0.0,15.0
2020-12-01,330500,9.0,0.0,0.0,0.0,0.0,0.0,2.0,11.0,0.0,0.0,0.0,0.0,0.0,0.0,1.0,1.0
2020-12-01,330600,20.0,1.0,0.0,0.0,0.0,0.0,3.0,24.0,0.0,0.0,0.0,0.0,0.0,0.0,0.0,0.0
2020-12-01,330610,2.0,6.0,0.0,0.0,0.0,0.0,1.0,9.0,0.0,1.0,0.0,0.0,0.0,0.0,0.0,1.0
2020-12-01,330620,7.0,0.0,2.0,0.0,0.0,0.0,1.0,10.0,0.0,0.0,2.0,0.0,0.0,0.0,0.0,2.0
2020-12-01,330630,11.0,2.0,0.0,0.0,0.0,0.0,1.0,14.0,0.0,0.0,0.0,0.0,0.0,0.0,0.0,0.0
2020-12-01,350010,22.0,1.0,2.0,0.0,0.0,0.0,7.0,32.0,1.0,0.0,1.0,0.0,0.0,0.0,1.0,3.0
2020-12-01,350030,4.0,0.0,0.0,0.0,0.0,0.0,5.0,9.0,1.0,0.0,0.0,0.0,0.0,0.0,3.0,4.0
2020-12-01,350050,0.0,0.0,1.0,1.0,0.0,0.0,2.0,4.0,0.0,0.0,0.0,1.0,0.0,0.0,1.0,2.0
2020-12-01,350060,0.0,0.0,0.0,0.0,0.0,0.0,1.0,1.0,0.0,0.0,0.0,0.0,0.0,0.0,0.0,0.0
2020-12-01,350070,2.0,0.0,0.0,0.0,0.0,0.0,2.0,4.0,0.0,0.0,0.0,0.0,0.0,0.0,2.0,2.0
2020-12-01,350080,0.0,0.0,0.0,0.0,0.0,0.0,1.0,1.0,0.0,0.0,0.0,0.0,0.0,0.0,0.0,0.0
2020-12-01,350100,1.0,0.0,7.0,0.0,0.0,0.0,3.0,11.0,0.0,0.0,2.0,0.0,0.0,0.0,2.0,4.0
2020-12-01,350110,0.0,0.0,0.0,0.0,0.0,0.0,1.0,1.0,0.0,0.0,0.0,0.0,0.0,0.0,0.0,0.0
2020-12-01,350120,0.0,0.0,0.0,0.0,0.0,0.0,1.0,1.0,0.0,0.0,0.0,0.0,0.0,0.0,0.0,0.0
2020-12-01,350130,1.0,0.0,0.0,0.0,0.0,0.0,5.0,6.0,1.0,0.0,0.0,0.0,0.0,0.0,1.0,2.0
2020-12-01,350140,0.0,0.0,0.0,0.0,0.0,0.0,2.0,2.0,0.0,0.0,0.0,0.0,0.0,0.0,0.0,0.0
2020-12-01,350150,0.0,0.0,0.0,0.0,0.0,0.0,2.0,2.0,0.0,0.0,0.0,0.0,0.0,0.0,1.0,1.0
2020-12-01,350160,23.0,4.0,3.0,0.0,1.0,0.0,33.0,64.0,3.0,0.0,1.0,0.0,0.0,0.0,9.0,13.0
2020-12-01,350170,1.0,0.0,1.0,0.0,0.0,0.0,2.0,4.0,0.0,0.0,0.0,0.0,0.0,0.0,1.0,1.0
2020-12-01,350190,1.0,1.0,1.0,1.0,0.0,0.0,14.0,18.0,0.0,1.0,1.0,1.0,0.0,0.0,3.0,6.0
2020-12-01,350250,2.0,0.0,0.0,0.0,0.0,0.0,1.0,3.0,0.0,0.0,0.0,0.0,0.0,0.0,0.0,0.0
2020-12-01,350280,1.0,0.0,1.0,0.0,0.0,0.0,2.0,4.0,0.0,0.0,0.0,0.0,0.0,0.0,2.0,2.0
2020-12-01,350320,11.0,0.0,6.0,2.0,0.0,0.0,10.0,29.0,2.0,0.0,5.0,0.0,0.0,0.0,3.0,10.0
2020-12-01,350330,7.0,1.0,1.0,1.0,0.0,0.0,5.0,15.0,1.0,0.0,0.0,0.0,0.0,0.0,2.0,3.0
2020-12-01,350340,0.0,0.0,0.0,0.0,0.0,0.0,1.0,1.0,0.0,0.0,0.0,0.0,0.0,0.0,0.0,0.0
2020-12-01,350360,1.0,0.0,0.0,0.0,0.0,0.0,1.0,2.0,0.0,0.0,0.0,0.0,0.0,0.0,0.0,0.0
2020-12-01,350390,0.0,0.0,0.0,0.0,0.0,0.0,1.0,1.0,0.0,0.0,0.0,0.0,0.0,0.0,0.0,0.0
2020-12-01,350400,1.0,1.0,0.0,0.0,0.0,0.0,9.0,11.0,0.0,0.0,0.0,0.0,0.0,0.0,2.0,2.0
2020-12-01,350410,3.0,0.0,1.0,0.0,0.0,0.0,4.0,8.0,0.0,0.0,0.0,0.0,0.0,0.0,0.0,0.0
2020-12-01,350440,2.0,0.0,0.0,0.0,0.0,0.0,1.0,3.0,2.0,0.0,0.0,0.0,0.0,0.0,1.0,3.0
2020-12-01,350450,0.0,0.0,1.0,0.0,0.0,0.0,1.0,2.0,0.0,0.0,0.0,0.0,0.0,0.0,1.0,1.0
2020-12-01,350500,0.0,0.0,0.0,0.0,0.0,0.0,2.0,2.0,0.0,0.0,0.0,0.0,0.0,0.0,1.0,1.0
2020-12-01,350520,0.0,1.0,0.0,0.0,0.0,0.0,3.0,4.0,0.0,0.0,0.0,0.0,0.0,0.0,2.0,2.0
2020-12-01,350530,1.0,0.0,1.0,0.0,0.0,0.0,1.0,3.0,0.0,0.0,0.0,0.0,0.0,0.0,0.0,0.0
2020-12-01,350550,0.0,1.0,3.0,0.0,0.0,0.0,2.0,6.0,0.0,1.0,1.0,0.0,0.0,0.0,1.0,3.0
2020-12-01,350570,7.0,16.0,1.0,0.0,0.0,0.0,17.0,41.0,0.0,6.0,0.0,0.0,0.0,0.0,7.0,13.0
2020-12-01,350580,3.0,1.0,1.0,0.0,0.0,0.0,4.0,9.0,0.0,1.0,1.0,0.0,0.0,0.0,0.0,2.0
2020-12-01,350590,2.0,0.0,3.0,2.0,0.0,0.0,2.0,9.0,0.0,0.0,0.0,0.0,0.0,0.0,0.0,0.0
2020-12-01,350600,23.0,0.0,4.0,0.0,0.0,0.0,8.0,35.0,3.0,0.0,0.0,0.0,0.0,0.0,3.0,6.0
2020-12-01,350610,0.0,0.0,1.0,0.0,0.0,0.0,1.0,2.0,0.0,0.0,0.0,0.0,0.0,0.0,0.0,0.0
2020-12-01,350630,1.0,0.0,0.0,0.0,0.0,0.0,3.0,4.0,0.0,0.0,0.0,0.0,0.0,0.0,1.0,1.0
2020-12-01,350635,2.0,1.0,0.0,0.0,0.0,0.0,1.0,4.0,1.0,1.0,0.0,0.0,0.0,0.0,0.0,2.0
2020-12-01,350650,1.0,0.0,1.0,0.0,0.0,0.0,1.0,3.0,0.0,0.0,0.0,0.0,0.0,0.0,0.0,0.0
2020-12-01,350700,1.0,0.0,0.0,0.0,0.0,0.0,1.0,2.0,0.0,0.0,0.0,0.0,0.0,0.0,1.0,1.0
2020-12-01,350710,0.0,0.0,0.0,0.0,0.0,0.0,2.0,2.0,0.0,0.0,0.0,0.0,0.0,0.0,0.0,0.0
2020-12-01,350715,0.0,0.0,0.0,0.0,0.0,0.0,1.0,1.0,0.0,0.0,0.0,0.0,0.0,0.0,1.0,1.0
2020-12-01,350740,0.0,0.0,0.0,0.0,0.0,0.0,1.0,1.0,0.0,0.0,0.0,0.0,0.0,0.0,0.0,0.0
2020-12-01,350750,3.0,0.0,6.0,0.0,0.0,0.0,1.0,10.0,0.0,0.0,3.0,0.0,0.0,0.0,0.0,3.0
2020-12-01,350760,6.0,2.0,8.0,3.0,0.0,0.0,13.0,32.0,0.0,1.0,2.0,0.0,0.0,0.0,4.0,7.0
2020-12-01,350770,0.0,0.0,0.0,0.0,0.0,0.0,1.0,1.0,0.0,0.0,0.0,0.0,0.0,0.0,1.0,1.0
2020-12-01,350790,0.0,0.0,1.0,0.0,0.0,0.0,1.0,2.0,0.0,0.0,1.0,0.0,0.0,0.0,0.0,1.0
2020-12-01,350800,0.0,0.0,0.0,0.0,0.0,0.0,1.0,1.0,0.0,0.0,0.0,0.0,0.0,0.0,0.0,0.0
2020-12-01,350840,3.0,0.0,1.0,0.0,0.0,0.0,5.0,9.0,2.0,0.0,0.0,0.0,0.0,0.0,0.0,2.0
2020-12-01,350860,2.0,0.0,0.0,0.0,0.0,0.0,3.0,5.0,0.0,0.0,0.0,0.0,0.0,0.0,1.0,1.0
2020-12-01,350870,0.0,1.0,0.0,0.0,0.0,0.0,3.0,4.0,0.0,0.0,0.0,0.0,0.0,0.0,0.0,0.0
2020-12-01,350880,0.0,0.0,0.0,0.0,0.0,0.0,4.0,4.0,0.0,0.0,0.0,0.0,0.0,0.0,0.0,0.0
2020-12-01,350920,2.0,3.0,1.0,0.0,0.0,0.0,1.0,7.0,2.0,0.0,0.0,0.0,0.0,0.0,1.0,3.0
2020-12-01,350940,0.0,2.0,7.0,0.0,0.0,0.0,22.0,31.0,0.0,0.0,0.0,0.0,0.0,0.0,9.0,9.0
2020-12-01,350950,24.0,9.0,5.0,1.0,0.0,2.0,23.0,64.0,7.0,6.0,1.0,1.0,0.0,1.0,5.0,21.0
2020-12-01,350960,2.0,0.0,1.0,0.0,0.0,0.0,1.0,4.0,0.0,0.0,1.0,0.0,0.0,0.0,1.0,2.0
2020-12-01,350970,0.0,0.0,0.0,0.0,0.0,0.0,8.0,8.0,0.0,0.0,0.0,0.0,0.0,0.0,6.0,6.0
2020-12-01,350980,0.0,0.0,0.0,0.0,0.0,0.0,2.0,2.0,0.0,0.0,0.0,0.0,0.0,0.0,1.0,1.0
2020-12-01,350995,0.0,0.0,0.0,0.0,0.0,0.0,1.0,1.0,0.0,0.0,0.0,0.0,0.0,0.0,0.0,0.0
2020-12-01,351000,0.0,0.0,0.0,0.0,0.0,0.0,8.0,8.0,0.0,0.0,0.0,0.0,0.0,0.0,2.0,2.0
2020-12-01,351040,1.0,1.0,0.0,0.0,0.0,0.0,3.0,5.0,0.0,0.0,0.0,0.0,0.0,0.0,2.0,2.0
2020-12-01,351050,5.0,1.0,0.0,0.0,0.0,0.0,2.0,8.0,1.0,0.0,0.0,0.0,0.0,0.0,0.0,1.0
2020-12-01,351060,5.0,4.0,2.0,0.0,0.0,0.0,10.0,21.0,0.0,2.0,2.0,0.0,0.0,0.0,5.0,9.0
2020-12-01,351070,1.0,0.0,0.0,0.0,0.0,0.0,2.0,3.0,1.0,0.0,0.0,0.0,0.0,0.0,1.0,2.0
2020-12-01,351080,39.0,1.0,0.0,0.0,0.0,0.0,16.0,56.0,1.0,0.0,0.0,0.0,0.0,0.0,4.0,5.0
2020-12-01,351100,1.0,0.0,0.0,0.0,0.0,0.0,2.0,3.0,0.0,0.0,0.0,0.0,0.0,0.0,0.0,0.0
2020-12-01,351110,13.0,0.0,3.0,0.0,0.0,0.0,32.0,48.0,0.0,0.0,2.0,0.0,0.0,0.0,5.0,7.0
2020-12-01,351120,0.0,0.0,0.0,0.0,0.0,0.0,4.0,4.0,0.0,0.0,0.0,0.0,0.0,0.0,2.0,2.0
2020-12-01,351130,0.0,0.0,0.0,0.0,0.0,0.0,2.0,2.0,0.0,0.0,0.0,0.0,0.0,0.0,0.0,0.0
2020-12-01,351140,0.0,0.0,0.0,0.0,0.0,0.0,11.0,11.0,0.0,0.0,0.0,0.0,0.0,0.0,5.0,5.0
2020-12-01,351170,0.0,0.0,0.0,0.0,0.0,0.0,4.0,4.0,0.0,0.0,0.0,0.0,0.0,0.0,1.0,1.0
2020-12-01,351220,0.0,0.0,3.0,0.0,0.0,0.0,5.0,8.0,0.0,0.0,1.0,0.0,0.0,0.0,2.0,3.0
2020-12-01,351240,1.0,0.0,1.0,0.0,0.0,0.0,6.0,8.0,0.0,0.0,0.0,0.0,0.0,0.0,4.0,4.0
2020-12-01,351260,0.0,0.0,0.0,0.0,0.0,0.0,1.0,1.0,0.0,0.0,0.0,0.0,0.0,0.0,0.0,0.0
2020-12-01,351280,5.0,1.0,1.0,0.0,0.0,0.0,5.0,12.0,1.0,0.0,0.0,0.0,0.0,0.0,0.0,1.0
2020-12-01,351300,5.0,2.0,1.0,0.0,0.0,0.0,2.0,10.0,2.0,0.0,0.0,0.0,0.0,0.0,1.0,3.0
2020-12-01,351310,0.0,0.0,2.0,0.0,0.0,0.0,4.0,6.0,0.0,0.0,1.0,0.0,0.0,0.0,1.0,2.0
2020-12-01,351320,0.0,1.0,0.0,0.0,0.0,0.0,1.0,2.0,0.0,1.0,0.0,0.0,0.0,0.0,1.0,2.0
2020-12-01,351330,0.0,0.0,0.0,0.0,0.0,0.0,1.0,1.0,0.0,0.0,0.0,0.0,0.0,0.0,0.0,0.0
2020-12-01,351340,5.0,0.0,0.0,0.0,0.0,0.0,1.0,6.0,2.0,0.0,0.0,0.0,0.0,0.0,0.0,2.0
2020-12-01,351350,4.0,0.0,3.0,0.0,0.0,0.0,1.0,8.0,1.0,0.0,2.0,0.0,0.0,0.0,0.0,3.0
2020-12-01,351370,1.0,1.0,2.0,1.0,0.0,0.0,1.0,6.0,0.0,0.0,1.0,0.0,0.0,0.0,0.0,1.0
2020-12-01,351380,6.0,19.0,5.0,0.0,0.0,0.0,18.0,48.0,1.0,6.0,0.0,0.0,0.0,0.0,7.0,14.0
2020-12-01,351390,2.0,0.0,0.0,0.0,0.0,0.0,2.0,4.0,0.0,0.0,0.0,0.0,0.0,0.0,0.0,0.0
2020-12-01,351440,6.0,0.0,1.0,0.0,0.0,0.0,6.0,13.0,2.0,0.0,0.0,0.0,0.0,0.0,1.0,3.0
2020-12-01,351450,0.0,0.0,1.0,0.0,0.0,0.0,1.0,2.0,0.0,0.0,0.0,0.0,0.0,0.0,0.0,0.0
2020-12-01,351490,0.0,0.0,0.0,0.0,0.0,0.0,1.0,1.0,0.0,0.0,0.0,0.0,0.0,0.0,0.0,0.0
2020-12-01,351492,0.0,0.0,0.0,0.0,0.0,0.0,2.0,2.0,0.0,0.0,0.0,0.0,0.0,0.0,1.0,1.0
2020-12-01,351500,7.0,5.0,1.0,0.0,0.0,0.0,5.0,18.0,1.0,4.0,1.0,0.0,0.0,0.0,3.0,9.0
2020-12-01,351510,1.0,1.0,0.0,0.0,0.0,0.0,2.0,4.0,0.0,0.0,0.0,0.0,0.0,0.0,0.0,0.0
2020-12-01,351515,0.0,0.0,0.0,0.0,0.0,0.0,1.0,1.0,0.0,0.0,0.0,0.0,0.0,0.0,0.0,0.0
2020-12-01,351518,44.0,4.0,6.0,1.0,0.0,0.0,47.0,102.0,0.0,1.0,0.0,0.0,0.0,0.0,11.0,12.0
2020-12-01,351519,0.0,0.0,0.0,0.0,0.0,0.0,1.0,1.0,0.0,0.0,0.0,0.0,0.0,0.0,0.0,0.0
2020-12-01,351535,0.0,0.0,2.0,0.0,0.0,0.0,2.0,4.0,0.0,0.0,1.0,0.0,0.0,0.0,1.0,2.0
2020-12-01,351540,0.0,1.0,2.0,0.0,0.0,0.0,1.0,4.0,0.0,0.0,0.0,0.0,0.0,0.0,0.0,0.0
2020-12-01,351550,2.0,0.0,2.0,0.0,0.0,0.0,9.0,13.0,0.0,0.0,0.0,0.0,0.0,0.0,2.0,2.0
2020-12-01,351560,0.0,0.0,0.0,0.0,0.0,0.0,2.0,2.0,0.0,0.0,0.0,0.0,0.0,0.0,0.0,0.0
2020-12-01,351565,0.0,0.0,0.0,0.0,0.0,0.0,1.0,1.0,0.0,0.0,0.0,0.0,0.0,0.0,0.0,0.0
2020-12-01,351570,2.0,5.0,1.0,0.0,1.0,0.0,8.0,17.0,1.0,0.0,0.0,0.0,1.0,0.0,3.0,5.0
2020-12-01,351600,3.0,0.0,0.0,0.0,0.0,0.0,1.0,4.0,0.0,0.0,0.0,0.0,0.0,0.0,1.0,1.0
2020-12-01,351610,0.0,0.0,0.0,0.0,0.0,0.0,1.0,1.0,0.0,0.0,0.0,0.0,0.0,0.0,1.0,1.0
2020-12-01,351620,56.0,1.0,10.0,0.0,0.0,0.0,27.0,94.0,5.0,1.0,1.0,0.0,0.0,0.0,10.0,17.0
2020-12-01,351630,5.0,10.0,2.0,0.0,0.0,0.0,10.0,27.0,1.0,3.0,0.0,0.0,0.0,0.0,6.0,10.0
2020-12-01,351640,31.0,19.0,1.0,0.0,0.0,0.0,9.0,60.0,0.0,8.0,0.0,0.0,0.0,0.0,3.0,11.0
2020-12-01,351660,0.0,0.0,1.0,0.0,0.0,0.0,2.0,3.0,0.0,0.0,1.0,0.0,0.0,0.0,0.0,1.0
2020-12-01,351670,32.0,0.0,0.0,0.0,0.0,0.0,13.0,45.0,1.0,0.0,0.0,0.0,0.0,0.0,0.0,1.0
2020-12-01,351730,0.0,0.0,0.0,0.0,0.0,0.0,1.0,1.0,0.0,0.0,0.0,0.0,0.0,0.0,0.0,0.0
2020-12-01,351740,0.0,0.0,0.0,0.0,0.0,0.0,1.0,1.0,0.0,0.0,0.0,0.0,0.0,0.0,1.0,1.0
2020-12-01,351750,1.0,0.0,0.0,0.0,0.0,0.0,4.0,5.0,0.0,0.0,0.0,0.0,0.0,0.0,0.0,0.0
2020-12-01,351770,0.0,0.0,1.0,0.0,0.0,0.0,6.0,7.0,0.0,0.0,1.0,0.0,0.0,0.0,1.0,2.0
2020-12-01,351820,1.0,1.0,0.0,0.0,0.0,0.0,1.0,3.0,0.0,0.0,0.0,0.0,0.0,0.0,0.0,0.0
2020-12-01,351840,13.0,1.0,3.0,0.0,0.0,0.0,6.0,23.0,1.0,0.0,0.0,0.0,0.0,0.0,1.0,2.0
2020-12-01,351860,1.0,1.0,0.0,0.0,0.0,0.0,1.0,3.0,1.0,1.0,0.0,0.0,0.0,0.0,0.0,2.0
2020-12-01,351870,3.0,0.0,0.0,0.0,0.0,0.0,5.0,8.0,0.0,0.0,0.0,0.0,0.0,0.0,1.0,1.0
2020-12-01,351880,16.0,27.0,8.0,0.0,0.0,1.0,24.0,76.0,3.0,12.0,2.0,0.0,0.0,1.0,6.0,24.0
2020-12-01,351900,0.0,0.0,0.0,0.0,0.0,0.0,3.0,3.0,0.0,0.0,0.0,0.0,0.0,0.0,0.0,0.0
2020-12-01,351905,2.0,0.0,1.0,0.0,0.0,0.0,3.0,6.0,0.0,0.0,1.0,0.0,0.0,0.0,0.0,1.0
2020-12-01,351907,4.0,0.0,1.0,0.0,0.0,1.0,1.0,7.0,1.0,0.0,0.0,0.0,0.0,1.0,0.0,2.0
2020-12-01,351950,0.0,0.0,0.0,0.0,0.0,0.0,2.0,2.0,0.0,0.0,0.0,0.0,0.0,0.0,0.0,0.0
2020-12-01,351960,2.0,0.0,1.0,0.0,0.0,0.0,2.0,5.0,0.0,0.0,0.0,0.0,0.0,0.0,0.0,0.0
2020-12-01,352010,0.0,0.0,0.0,0.0,0.0,0.0,3.0,3.0,0.0,0.0,0.0,0.0,0.0,0.0,2.0,2.0
2020-12-01,352040,1.0,2.0,1.0,0.0,0.0,0.0,1.0,5.0,0.0,1.0,1.0,0.0,0.0,0.0,1.0,3.0
2020-12-01,352044,1.0,0.0,1.0,0.0,0.0,0.0,5.0,7.0,1.0,0.0,0.0,0.0,0.0,0.0,0.0,1.0
2020-12-01,352050,13.0,1.0,3.0,0.0,0.0,1.0,8.0,26.0,1.0,0.0,1.0,0.0,0.0,0.0,3.0,5.0
2020-12-01,352070,1.0,0.0,0.0,0.0,0.0,0.0,2.0,3.0,0.0,0.0,0.0,0.0,0.0,0.0,1.0,1.0
2020-12-01,352090,0.0,0.0,1.0,0.0,0.0,0.0,2.0,3.0,0.0,0.0,0.0,0.0,0.0,0.0,0.0,0.0
2020-12-01,352130,0.0,0.0,0.0,0.0,0.0,0.0,2.0,2.0,0.0,0.0,0.0,0.0,0.0,0.0,0.0,0.0
2020-12-01,352140,0.0,0.0,0.0,0.0,0.0,0.0,1.0,1.0,0.0,0.0,0.0,0.0,0.0,0.0,0.0,0.0
2020-12-01,352150,0.0,0.0,1.0,0.0,0.0,0.0,2.0,3.0,0.0,0.0,0.0,0.0,0.0,0.0,0.0,0.0
2020-12-01,352180,0.0,0.0,0.0,0.0,0.0,0.0,4.0,4.0,0.0,0.0,0.0,0.0,0.0,0.0,3.0,3.0
2020-12-01,352210,0.0,0.0,0.0,0.0,0.0,0.0,1.0,1.0,0.0,0.0,0.0,0.0,0.0,0.0,0.0,0.0
2020-12-01,352220,1.0,2.0,1.0,0.0,0.0,0.0,3.0,7.0,0.0,0.0,0.0,0.0,0.0,0.0,2.0,2.0
2020-12-01,352230,1.0,0.0,0.0,0.0,0.0,0.0,1.0,2.0,1.0,0.0,0.0,0.0,0.0,0.0,0.0,1.0
2020-12-01,352240,0.0,0.0,0.0,0.0,0.0,0.0,1.0,1.0,0.0,0.0,0.0,0.0,0.0,0.0,1.0,1.0
2020-12-01,352250,1.0,0.0,1.0,0.0,0.0,0.0,3.0,5.0,1.0,0.0,1.0,0.0,0.0,0.0,1.0,3.0
2020-12-01,352260,20.0,1.0,1.0,0.0,0.0,0.0,48.0,70.0,1.0,0.0,0.0,0.0,0.0,0.0,10.0,11.0
2020-12-01,352270,2.0,0.0,0.0,0.0,0.0,0.0,1.0,3.0,0.0,0.0,0.0,0.0,0.0,0.0,0.0,0.0
2020-12-01,352280,0.0,0.0,2.0,0.0,0.0,0.0,2.0,4.0,0.0,0.0,1.0,0.0,0.0,0.0,1.0,2.0
2020-12-01,352290,4.0,0.0,0.0,0.0,0.0,0.0,4.0,8.0,0.0,0.0,0.0,0.0,0.0,0.0,1.0,1.0
2020-12-01,352310,14.0,9.0,7.0,0.0,2.0,0.0,8.0,40.0,6.0,3.0,3.0,0.0,0.0,0.0,1.0,13.0
2020-12-01,352340,1.0,0.0,0.0,1.0,0.0,0.0,1.0,3.0,0.0,0.0,0.0,1.0,0.0,0.0,0.0,1.0
2020-12-01,352350,0.0,0.0,0.0,0.0,0.0,0.0,3.0,3.0,0.0,0.0,0.0,0.0,0.0,0.0,2.0,2.0
2020-12-01,352360,2.0,1.0,0.0,0.0,0.0,0.0,1.0,4.0,0.0,0.0,0.0,0.0,0.0,0.0,0.0,0.0
2020-12-01,352380,0.0,0.0,0.0,0.0,0.0,0.0,2.0,2.0,0.0,0.0,0.0,0.0,0.0,0.0,0.0,0.0
2020-12-01,352390,0.0,0.0,0.0,0.0,0.0,0.0,2.0,2.0,0.0,0.0,0.0,0.0,0.0,0.0,0.0,0.0
2020-12-01,352400,6.0,4.0,2.0,0.0,0.0,0.0,3.0,15.0,1.0,1.0,2.0,0.0,0.0,0.0,0.0,4.0
2020-12-01,352410,5.0,0.0,2.0,0.0,0.0,0.0,3.0,10.0,0.0,0.0,0.0,0.0,0.0,0.0,2.0,2.0
2020-12-01,352430,2.0,0.0,2.0,0.0,0.0,0.0,7.0,11.0,0.0,0.0,1.0,0.0,0.0,0.0,1.0,2.0
2020-12-01,352440,3.0,10.0,14.0,1.0,0.0,0.0,2.0,30.0,0.0,5.0,6.0,1.0,0.0,0.0,0.0,12.0
2020-12-01,352480,0.0,2.0,1.0,0.0,0.0,0.0,8.0,11.0,0.0,0.0,0.0,0.0,0.0,0.0,3.0,3.0
2020-12-01,352510,1.0,0.0,0.0,0.0,0.0,0.0,2.0,3.0,0.0,0.0,0.0,0.0,0.0,0.0,1.0,1.0
2020-12-01,352520,0.0,1.0,1.0,0.0,0.0,0.0,2.0,4.0,0.0,0.0,0.0,0.0,0.0,0.0,1.0,1.0
2020-12-01,352530,25.0,2.0,6.0,0.0,0.0,0.0,10.0,43.0,2.0,1.0,1.0,0.0,0.0,0.0,1.0,5.0
2020-12-01,352550,0.0,0.0,0.0,0.0,0.0,0.0,1.0,1.0,0.0,0.0,0.0,0.0,0.0,0.0,0.0,0.0
2020-12-01,352570,0.0,0.0,2.0,0.0,0.0,0.0,2.0,4.0,0.0,0.0,0.0,0.0,0.0,0.0,1.0,1.0
2020-12-01,352580,0.0,0.0,0.0,0.0,0.0,0.0,1.0,1.0,0.0,0.0,0.0,0.0,0.0,0.0,0.0,0.0
2020-12-01,352590,3.0,11.0,3.0,1.0,0.0,1.0,16.0,35.0,0.0,4.0,2.0,0.0,0.0,1.0,2.0,9.0
2020-12-01,352600,3.0,0.0,3.0,0.0,0.0,0.0,2.0,8.0,1.0,0.0,1.0,0.0,0.0,0.0,0.0,2.0
2020-12-01,352640,1.0,0.0,1.0,2.0,0.0,0.0,3.0,7.0,0.0,0.0,0.0,1.0,0.0,0.0,2.0,3.0
2020-12-01,352670,0.0,4.0,4.0,0.0,0.0,0.0,6.0,14.0,0.0,1.0,1.0,0.0,0.0,0.0,1.0,3.0
2020-12-01,352680,2.0,1.0,0.0,0.0,0.0,0.0,3.0,6.0,0.0,0.0,0.0,0.0,0.0,0.0,2.0,2.0
2020-12-01,352690,6.0,4.0,6.0,0.0,0.0,0.0,6.0,22.0,0.0,2.0,2.0,0.0,0.0,0.0,3.0,7.0
2020-12-01,352700,0.0,0.0,0.0,0.0,0.0,0.0,2.0,2.0,0.0,0.0,0.0,0.0,0.0,0.0,0.0,0.0
2020-12-01,352710,7.0,0.0,1.0,0.0,0.0,0.0,4.0,12.0,1.0,0.0,0.0,0.0,0.0,0.0,1.0,2.0
2020-12-01,352720,2.0,0.0,0.0,0.0,0.0,0.0,9.0,11.0,0.0,0.0,0.0,0.0,0.0,0.0,2.0,2.0
2020-12-01,352730,3.0,0.0,0.0,0.0,0.0,0.0,4.0,7.0,0.0,0.0,0.0,0.0,0.0,0.0,1.0,1.0
2020-12-01,352740,7.0,0.0,2.0,0.0,0.0,0.0,3.0,12.0,0.0,0.0,0.0,0.0,0.0,0.0,0.0,0.0
2020-12-01,352760,0.0,0.0,0.0,0.0,0.0,0.0,2.0,2.0,0.0,0.0,0.0,0.0,0.0,0.0,0.0,0.0
2020-12-01,352790,1.0,0.0,0.0,0.0,0.0,0.0,1.0,2.0,0.0,0.0,0.0,0.0,0.0,0.0,1.0,1.0
2020-12-01,352850,3.0,1.0,0.0,0.0,0.0,0.0,1.0,5.0,0.0,0.0,0.0,0.0,0.0,0.0,0.0,0.0
2020-12-01,352880,2.0,0.0,0.0,0.0,0.0,0.0,7.0,9.0,1.0,0.0,0.0,0.0,0.0,0.0,1.0,2.0
2020-12-01,352890,1.0,1.0,0.0,0.0,0.0,0.0,1.0,3.0,1.0,1.0,0.0,0.0,0.0,0.0,1.0,3.0
2020-12-01,352900,52.0,1.0,12.0,0.0,0.0,0.0,46.0,111.0,3.0,0.0,4.0,0.0,0.0,0.0,13.0,20.0
2020-12-01,352920,0.0,0.0,2.0,0.0,0.0,0.0,2.0,4.0,0.0,0.0,1.0,0.0,0.0,0.0,1.0,2.0
2020-12-01,352930,1.0,0.0,1.0,0.0,0.0,0.0,1.0,3.0,1.0,0.0,0.0,0.0,0.0,0.0,1.0,2.0
2020-12-01,352940,4.0,2.0,3.0,0.0,0.0,0.0,11.0,20.0,2.0,0.0,1.0,0.0,0.0,0.0,1.0,4.0
2020-12-01,352950,2.0,0.0,0.0,0.0,0.0,0.0,1.0,3.0,1.0,0.0,0.0,0.0,0.0,0.0,0.0,1.0
2020-12-01,352970,2.0,0.0,0.0,0.0,0.0,0.0,1.0,3.0,0.0,0.0,0.0,0.0,0.0,0.0,0.0,0.0
2020-12-01,353020,2.0,0.0,2.0,0.0,0.0,0.0,2.0,6.0,0.0,0.0,1.0,0.0,0.0,0.0,0.0,1.0
2020-12-01,353030,2.0,0.0,0.0,0.0,0.0,0.0,4.0,6.0,0.0,0.0,0.0,0.0,0.0,0.0,0.0,0.0
2020-12-01,353050,3.0,0.0,3.0,0.0,0.0,0.0,7.0,13.0,0.0,0.0,2.0,0.0,0.0,0.0,0.0,2.0
2020-12-01,353060,5.0,11.0,6.0,0.0,0.0,0.0,4.0,26.0,2.0,6.0,1.0,0.0,0.0,0.0,0.0,9.0
2020-12-01,353070,16.0,2.0,1.0,0.0,0.0,3.0,16.0,38.0,2.0,1.0,0.0,0.0,0.0,3.0,5.0,11.0
2020-12-01,353080,6.0,0.0,0.0,0.0,0.0,0.0,8.0,14.0,0.0,0.0,0.0,0.0,0.0,0.0,2.0,2.0
2020-12-01,353090,2.0,0.0,1.0,0.0,0.0,0.0,1.0,4.0,0.0,0.0,0.0,0.0,0.0,0.0,0.0,0.0
2020-12-01,353110,0.0,0.0,0.0,0.0,0.0,0.0,2.0,2.0,0.0,0.0,0.0,0.0,0.0,0.0,1.0,1.0
2020-12-01,353120,1.0,0.0,0.0,0.0,0.0,0.0,4.0,5.0,0.0,0.0,0.0,0.0,0.0,0.0,1.0,1.0
2020-12-01,353130,0.0,0.0,3.0,0.0,0.0,0.0,6.0,9.0,0.0,0.0,1.0,0.0,0.0,0.0,0.0,1.0
2020-12-01,353140,3.0,0.0,0.0,0.0,0.0,0.0,1.0,4.0,0.0,0.0,0.0,0.0,0.0,0.0,0.0,0.0
2020-12-01,353180,2.0,3.0,0.0,0.0,0.0,0.0,9.0,14.0,0.0,1.0,0.0,0.0,0.0,0.0,3.0,4.0
2020-12-01,353200,0.0,0.0,0.0,0.0,0.0,0.0,1.0,1.0,0.0,0.0,0.0,0.0,0.0,0.0,0.0,0.0
2020-12-01,353260,2.0,0.0,0.0,0.0,0.0,0.0,1.0,3.0,1.0,0.0,0.0,0.0,0.0,0.0,1.0,2.0
2020-12-01,353270,0.0,0.0,0.0,0.0,0.0,0.0,1.0,1.0,0.0,0.0,0.0,0.0,0.0,0.0,1.0,1.0
2020-12-01,353310,0.0,0.0,0.0,0.0,0.0,0.0,1.0,1.0,0.0,0.0,0.0,0.0,0.0,0.0,1.0,1.0
2020-12-01,353340,3.0,1.0,2.0,1.0,0.0,0.0,5.0,12.0,0.0,0.0,0.0,0.0,0.0,0.0,0.0,0.0
2020-12-01,353350,0.0,0.0,0.0,0.0,0.0,0.0,1.0,1.0,0.0,0.0,0.0,0.0,0.0,0.0,0.0,0.0
2020-12-01,353390,0.0,1.0,0.0,0.0,0.0,0.0,2.0,3.0,0.0,0.0,0.0,0.0,0.0,0.0,0.0,0.0
2020-12-01,353410,1.0,0.0,1.0,0.0,0.0,0.0,6.0,8.0,0.0,0.0,0.0,0.0,0.0,0.0,2.0,2.0
2020-12-01,353430,3.0,0.0,3.0,0.0,0.0,0.0,6.0,12.0,0.0,0.0,0.0,0.0,0.0,0.0,0.0,0.0
2020-12-01,353440,2.0,1.0,0.0,0.0,0.0,0.0,4.0,7.0,0.0,0.0,0.0,0.0,0.0,0.0,0.0,0.0
2020-12-01,353460,1.0,0.0,0.0,0.0,0.0,0.0,2.0,3.0,1.0,0.0,0.0,0.0,0.0,0.0,0.0,1.0
2020-12-01,353470,2.0,0.0,0.0,0.0,0.0,0.0,3.0,5.0,1.0,0.0,0.0,0.0,0.0,0.0,1.0,2.0
2020-12-01,353490,1.0,0.0,0.0,1.0,0.0,0.0,3.0,5.0,0.0,0.0,0.0,0.0,0.0,0.0,0.0,0.0
2020-12-01,353500,0.0,2.0,0.0,0.0,0.0,0.0,1.0,3.0,0.0,1.0,0.0,0.0,0.0,0.0,0.0,1.0
2020-12-01,353530,3.0,0.0,0.0,0.0,0.0,0.0,2.0,5.0,2.0,0.0,0.0,0.0,0.0,0.0,0.0,2.0
2020-12-01,353540,0.0,0.0,0.0,0.0,0.0,0.0,2.0,2.0,0.0,0.0,0.0,0.0,0.0,0.0,2.0,2.0
2020-12-01,353550,0.0,0.0,1.0,0.0,0.0,0.0,4.0,5.0,0.0,0.0,0.0,0.0,0.0,0.0,0.0,0.0
2020-12-01,353570,0.0,0.0,0.0,0.0,0.0,0.0,1.0,1.0,0.0,0.0,0.0,0.0,0.0,0.0,1.0,1.0
2020-12-01,353600,2.0,0.0,1.0,0.0,0.0,0.0,2.0,5.0,0.0,0.0,0.0,0.0,0.0,0.0,2.0,2.0
2020-12-01,353640,1.0,0.0,0.0,0.0,0.0,0.0,2.0,3.0,0.0,0.0,0.0,0.0,0.0,0.0,0.0,0.0
2020-12-01,353650,1.0,4.0,6.0,0.0,0.0,0.0,5.0,16.0,0.0,1.0,2.0,0.0,0.0,0.0,0.0,3.0
2020-12-01,353670,2.0,0.0,0.0,0.0,0.0,0.0,3.0,5.0,0.0,0.0,0.0,0.0,0.0,0.0,0.0,0.0
2020-12-01,353680,0.0,0.0,0.0,0.0,0.0,0.0,1.0,1.0,0.0,0.0,0.0,0.0,0.0,0.0,1.0,1.0
2020-12-01,353700,2.0,0.0,0.0,0.0,0.0,0.0,1.0,3.0,0.0,0.0,0.0,0.0,0.0,0.0,1.0,1.0
2020-12-01,353710,4.0,0.0,0.0,0.0,0.0,0.0,7.0,11.0,1.0,0.0,0.0,0.0,0.0,0.0,3.0,4.0
2020-12-01,353730,5.0,0.0,3.0,0.0,0.0,0.0,6.0,14.0,1.0,0.0,2.0,0.0,0.0,0.0,1.0,4.0
2020-12-01,353760,2.0,0.0,0.0,0.0,0.0,0.0,2.0,4.0,0.0,0.0,0.0,0.0,0.0,0.0,1.0,1.0
2020-12-01,353780,0.0,0.0,0.0,0.0,0.0,0.0,1.0,1.0,0.0,0.0,0.0,0.0,0.0,0.0,0.0,0.0
2020-12-01,353790,1.0,0.0,0.0,0.0,0.0,0.0,1.0,2.0,1.0,0.0,0.0,0.0,0.0,0.0,1.0,2.0
2020-12-01,353800,2.0,0.0,2.0,0.0,0.0,0.0,1.0,5.0,1.0,0.0,0.0,0.0,0.0,0.0,0.0,1.0
2020-12-01,353870,15.0,4.0,0.0,0.0,0.0,0.0,7.0,26.0,2.0,1.0,0.0,0.0,0.0,0.0,3.0,6.0
2020-12-01,353880,0.0,0.0,0.0,0.0,0.0,0.0,1.0,1.0,0.0,0.0,0.0,0.0,0.0,0.0,1.0,1.0
2020-12-01,353890,0.0,1.0,0.0,0.0,0.0,0.0,5.0,6.0,0.0,0.0,0.0,0.0,0.0,0.0,0.0,0.0
2020-12-01,353900,1.0,0.0,0.0,0.0,0.0,0.0,1.0,2.0,0.0,0.0,0.0,0.0,0.0,0.0,0.0,0.0
2020-12-01,353920,1.0,0.0,3.0,0.0,0.0,0.0,4.0,8.0,0.0,0.0,0.0,0.0,0.0,0.0,2.0,2.0
2020-12-01,353930,2.0,1.0,1.0,0.0,0.0,0.0,3.0,7.0,0.0,0.0,1.0,0.0,0.0,0.0,0.0,1.0
2020-12-01,353940,0.0,0.0,1.0,0.0,0.0,0.0,2.0,3.0,0.0,0.0,0.0,0.0,0.0,0.0,1.0,1.0
2020-12-01,353950,1.0,0.0,0.0,0.0,0.0,0.0,4.0,5.0,0.0,0.0,0.0,0.0,0.0,0.0,2.0,2.0
2020-12-01,353960,0.0,0.0,0.0,0.0,0.0,0.0,3.0,3.0,0.0,0.0,0.0,0.0,0.0,0.0,0.0,0.0
2020-12-01,353970,1.0,0.0,0.0,0.0,0.0,0.0,1.0,2.0,0.0,0.0,0.0,0.0,0.0,0.0,0.0,0.0
2020-12-01,353980,2.0,1.0,2.0,0.0,0.0,0.0,1.0,6.0,2.0,0.0,0.0,0.0,0.0,0.0,0.0,2.0
2020-12-01,354000,1.0,0.0,0.0,0.0,0.0,0.0,7.0,8.0,1.0,0.0,0.0,0.0,0.0,0.0,1.0,2.0
2020-12-01,354020,0.0,0.0,0.0,1.0,0.0,0.0,3.0,4.0,0.0,0.0,0.0,0.0,0.0,0.0,0.0,0.0
2020-12-01,354070,1.0,0.0,0.0,0.0,0.0,0.0,1.0,2.0,0.0,0.0,0.0,0.0,0.0,0.0,0.0,0.0
2020-12-01,354075,1.0,0.0,0.0,0.0,0.0,0.0,1.0,2.0,0.0,0.0,0.0,0.0,0.0,0.0,0.0,0.0
2020-12-01,354080,0.0,1.0,0.0,1.0,0.0,0.0,1.0,3.0,0.0,0.0,0.0,0.0,0.0,0.0,0.0,0.0
2020-12-01,354090,0.0,0.0,0.0,0.0,0.0,0.0,4.0,4.0,0.0,0.0,0.0,0.0,0.0,0.0,0.0,0.0
2020-12-01,354100,4.0,9.0,9.0,0.0,0.0,0.0,8.0,30.0,2.0,1.0,1.0,0.0,0.0,0.0,4.0,8.0
2020-12-01,354105,0.0,0.0,1.0,0.0,0.0,0.0,1.0,2.0,0.0,0.0,0.0,0.0,0.0,0.0,0.0,0.0
2020-12-01,354130,4.0,0.0,0.0,0.0,0.0,0.0,1.0,5.0,0.0,0.0,0.0,0.0,0.0,0.0,0.0,0.0
2020-12-01,354140,18.0,1.0,9.0,1.0,0.0,0.0,55.0,84.0,3.0,1.0,4.0,0.0,0.0,0.0,9.0,17.0
2020-12-01,354150,0.0,1.0,1.0,1.0,0.0,0.0,2.0,5.0,0.0,0.0,0.0,1.0,0.0,0.0,1.0,2.0
2020-12-01,354200,1.0,0.0,0.0,0.0,0.0,0.0,2.0,3.0,0.0,0.0,0.0,0.0,0.0,0.0,0.0,0.0
2020-12-01,354220,1.0,0.0,1.0,0.0,0.0,0.0,11.0,13.0,0.0,0.0,0.0,0.0,0.0,0.0,4.0,4.0
2020-12-01,354240,1.0,0.0,0.0,0.0,0.0,0.0,2.0,3.0,0.0,0.0,0.0,0.0,0.0,0.0,1.0,1.0
2020-12-01,354320,1.0,0.0,0.0,0.0,0.0,0.0,1.0,2.0,0.0,0.0,0.0,0.0,0.0,0.0,1.0,1.0
2020-12-01,354330,2.0,0.0,0.0,0.0,0.0,0.0,2.0,4.0,1.0,0.0,0.0,0.0,0.0,0.0,0.0,1.0
2020-12-01,354340,22.0,5.0,8.0,0.0,0.0,1.0,25.0,61.0,3.0,0.0,4.0,0.0,0.0,1.0,4.0,12.0
2020-12-01,354390,4.0,2.0,2.0,0.0,0.0,0.0,6.0,14.0,1.0,1.0,0.0,0.0,0.0,0.0,3.0,5.0
2020-12-01,354400,1.0,0.0,0.0,0.0,0.0,0.0,2.0,3.0,1.0,0.0,0.0,0.0,0.0,0.0,1.0,2.0
2020-12-01,354425,1.0,0.0,1.0,0.0,0.0,0.0,3.0,5.0,0.0,0.0,1.0,0.0,0.0,0.0,2.0,3.0
2020-12-01,354430,0.0,0.0,0.0,0.0,0.0,0.0,1.0,1.0,0.0,0.0,0.0,0.0,0.0,0.0,0.0,0.0
2020-12-01,354460,0.0,0.0,0.0,0.0,0.0,0.0,1.0,1.0,0.0,0.0,0.0,0.0,0.0,0.0,1.0,1.0
2020-12-01,354500,1.0,0.0,0.0,0.0,0.0,0.0,1.0,2.0,0.0,0.0,0.0,0.0,0.0,0.0,0.0,0.0
2020-12-01,354510,1.0,0.0,0.0,0.0,0.0,0.0,2.0,3.0,0.0,0.0,0.0,0.0,0.0,0.0,0.0,0.0
2020-12-01,354520,1.0,5.0,1.0,0.0,0.0,0.0,8.0,15.0,0.0,1.0,1.0,0.0,0.0,0.0,3.0,5.0
2020-12-01,354550,1.0,0.0,1.0,0.0,0.0,0.0,2.0,4.0,1.0,0.0,1.0,0.0,0.0,0.0,0.0,2.0
2020-12-01,354560,2.0,0.0,0.0,0.0,0.0,0.0,2.0,4.0,0.0,0.0,0.0,0.0,0.0,0.0,1.0,1.0
2020-12-01,354580,13.0,0.0,1.0,0.0,0.0,0.0,8.0,22.0,4.0,0.0,1.0,0.0,0.0,0.0,1.0,6.0
2020-12-01,354630,2.0,0.0,0.0,1.0,0.0,0.0,6.0,9.0,0.0,0.0,0.0,1.0,0.0,0.0,2.0,3.0
2020-12-01,354640,2.0,0.0,0.0,0.0,0.0,0.0,8.0,10.0,2.0,0.0,0.0,0.0,0.0,0.0,3.0,5.0
2020-12-01,354660,3.0,0.0,0.0,0.0,0.0,0.0,8.0,11.0,1.0,0.0,0.0,0.0,0.0,0.0,4.0,5.0
2020-12-01,354700,2.0,0.0,0.0,0.0,0.0,0.0,2.0,4.0,1.0,0.0,0.0,0.0,0.0,0.0,0.0,1.0
2020-12-01,354710,0.0,0.0,0.0,0.0,0.0,0.0,1.0,1.0,0.0,0.0,0.0,0.0,0.0,0.0,0.0,0.0
2020-12-01,354730,2.0,2.0,0.0,0.0,0.0,1.0,4.0,9.0,2.0,1.0,0.0,0.0,0.0,0.0,1.0,4.0
2020-12-01,354750,20.0,0.0,0.0,0.0,0.0,0.0,10.0,30.0,0.0,0.0,0.0,0.0,0.0,0.0,0.0,0.0
2020-12-01,354760,0.0,1.0,2.0,0.0,0.0,0.0,2.0,5.0,0.0,1.0,0.0,0.0,0.0,0.0,1.0,2.0
2020-12-01,354770,0.0,0.0,0.0,0.0,0.0,0.0,2.0,2.0,0.0,0.0,0.0,0.0,0.0,0.0,0.0,0.0
2020-12-01,354780,13.0,35.0,6.0,0.0,0.0,1.0,8.0,63.0,2.0,8.0,3.0,0.0,0.0,1.0,3.0,17.0
2020-12-01,354790,0.0,0.0,0.0,0.0,0.0,0.0,1.0,1.0,0.0,0.0,0.0,0.0,0.0,0.0,0.0,0.0
2020-12-01,354800,2.0,0.0,1.0,0.0,0.0,0.0,2.0,5.0,2.0,0.0,0.0,0.0,0.0,0.0,0.0,2.0
2020-12-01,354810,1.0,0.0,0.0,0.0,0.0,0.0,5.0,6.0,0.0,0.0,0.0,0.0,0.0,0.0,0.0,0.0
2020-12-01,354830,0.0,0.0,0.0,0.0,0.0,0.0,2.0,2.0,0.0,0.0,0.0,0.0,0.0,0.0,0.0,0.0
2020-12-01,354850,8.0,4.0,1.0,0.0,0.0,0.0,6.0,19.0,1.0,1.0,0.0,0.0,0.0,0.0,2.0,4.0
2020-12-01,354860,0.0,1.0,0.0,0.0,0.0,0.0,1.0,2.0,0.0,0.0,0.0,0.0,0.0,0.0,1.0,1.0
2020-12-01,354870,1.0,9.0,0.0,0.0,0.0,0.0,8.0,18.0,0.0,4.0,0.0,0.0,0.0,0.0,5.0,9.0
2020-12-01,354880,0.0,7.0,0.0,0.0,0.0,0.0,7.0,14.0,0.0,1.0,0.0,0.0,0.0,0.0,3.0,4.0
2020-12-01,354890,2.0,1.0,3.0,0.0,0.0,1.0,5.0,12.0,1.0,1.0,3.0,0.0,0.0,1.0,1.0,7.0
2020-12-01,354910,7.0,1.0,4.0,1.0,0.0,0.0,39.0,52.0,1.0,0.0,1.0,0.0,0.0,0.0,5.0,7.0
2020-12-01,354920,0.0,0.0,0.0,0.0,0.0,0.0,1.0,1.0,0.0,0.0,0.0,0.0,0.0,0.0,0.0,0.0
2020-12-01,354940,5.0,1.0,1.0,0.0,0.0,0.0,3.0,10.0,0.0,0.0,0.0,0.0,0.0,0.0,2.0,2.0
2020-12-01,354970,2.0,0.0,0.0,0.0,0.0,0.0,7.0,9.0,0.0,0.0,0.0,0.0,0.0,0.0,1.0,1.0
2020-12-01,354980,40.0,15.0,12.0,0.0,0.0,0.0,63.0,130.0,5.0,4.0,0.0,0.0,0.0,0.0,12.0,21.0
2020-12-01,354990,33.0,37.0,8.0,0.0,0.0,0.0,7.0,85.0,4.0,12.0,3.0,0.0,0.0,0.0,1.0,20.0
2020-12-01,355010,3.0,0.0,0.0,0.0,0.0,0.0,2.0,5.0,0.0,0.0,0.0,0.0,0.0,0.0,1.0,1.0
2020-12-01,355030,211.0,203.0,106.0,7.0,4.0,2.0,305.0,838.0,55.0,74.0,46.0,2.0,2.0,0.0,97.0,276.0
2020-12-01,355040,1.0,0.0,1.0,0.0,0.0,0.0,8.0,10.0,0.0,0.0,0.0,0.0,0.0,0.0,0.0,0.0
2020-12-01,355050,0.0,1.0,0.0,0.0,0.0,0.0,1.0,2.0,0.0,0.0,0.0,0.0,0.0,0.0,1.0,1.0
2020-12-01,355070,0.0,0.0,0.0,0.0,0.0,0.0,4.0,4.0,0.0,0.0,0.0,0.0,0.0,0.0,0.0,0.0
2020-12-01,355080,1.0,0.0,0.0,0.0,0.0,0.0,3.0,4.0,0.0,0.0,0.0,0.0,0.0,0.0,0.0,0.0
2020-12-01,355090,1.0,0.0,1.0,0.0,0.0,0.0,1.0,3.0,1.0,0.0,1.0,0.0,0.0,0.0,1.0,3.0
2020-12-01,355130,0.0,0.0,0.0,0.0,0.0,0.0,1.0,1.0,0.0,0.0,0.0,0.0,0.0,0.0,1.0,1.0
2020-12-01,355140,0.0,0.0,2.0,0.0,0.0,0.0,6.0,8.0,0.0,0.0,0.0,0.0,0.0,0.0,0.0,0.0
2020-12-01,355150,3.0,0.0,0.0,0.0,0.0,0.0,1.0,4.0,0.0,0.0,0.0,0.0,0.0,0.0,1.0,1.0
2020-12-01,355160,1.0,0.0,2.0,0.0,0.0,0.0,3.0,6.0,1.0,0.0,1.0,0.0,0.0,0.0,0.0,2.0
2020-12-01,355170,1.0,0.0,5.0,0.0,0.0,0.0,5.0,11.0,1.0,0.0,3.0,0.0,0.0,0.0,0.0,4.0
2020-12-01,355210,6.0,1.0,1.0,0.0,0.0,0.0,16.0,24.0,1.0,0.0,0.0,0.0,0.0,0.0,3.0,4.0
2020-12-01,355220,7.0,0.0,2.0,0.0,0.0,0.0,1.0,10.0,2.0,0.0,2.0,0.0,0.0,0.0,0.0,4.0
2020-12-01,355240,13.0,2.0,5.0,0.0,0.0,0.0,8.0,28.0,0.0,1.0,2.0,0.0,0.0,0.0,3.0,6.0
2020-12-01,355250,2.0,3.0,2.0,0.0,0.0,0.0,1.0,8.0,1.0,1.0,1.0,0.0,0.0,0.0,1.0,4.0
2020-12-01,355255,2.0,0.0,0.0,0.0,0.0,0.0,1.0,3.0,0.0,0.0,0.0,0.0,0.0,0.0,0.0,0.0
2020-12-01,355260,1.0,0.0,0.0,0.0,0.0,0.0,1.0,2.0,0.0,0.0,0.0,0.0,0.0,0.0,0.0,0.0
2020-12-01,355270,2.0,0.0,0.0,0.0,0.0,0.0,1.0,3.0,0.0,0.0,0.0,0.0,0.0,0.0,1.0,1.0
2020-12-01,355280,6.0,7.0,2.0,1.0,0.0,0.0,6.0,22.0,1.0,1.0,0.0,0.0,0.0,0.0,2.0,4.0
2020-12-01,355290,0.0,0.0,0.0,0.0,0.0,0.0,3.0,3.0,0.0,0.0,0.0,0.0,0.0,0.0,0.0,0.0
2020-12-01,355300,0.0,0.0,2.0,0.0,0.0,0.0,1.0,3.0,0.0,0.0,1.0,0.0,0.0,0.0,0.0,1.0
2020-12-01,355330,0.0,0.0,0.0,0.0,0.0,0.0,6.0,6.0,0.0,0.0,0.0,0.0,0.0,0.0,0.0,0.0
2020-12-01,355340,3.0,0.0,0.0,0.0,0.0,0.0,4.0,7.0,0.0,0.0,0.0,0.0,0.0,0.0,2.0,2.0
2020-12-01,355370,0.0,0.0,0.0,0.0,0.0,0.0,9.0,9.0,0.0,0.0,0.0,0.0,0.0,0.0,3.0,3.0
2020-12-01,355380,0.0,0.0,0.0,0.0,0.0,0.0,6.0,6.0,0.0,0.0,0.0,0.0,0.0,0.0,1.0,1.0
2020-12-01,355390,1.0,0.0,1.0,0.0,0.0,0.0,2.0,4.0,0.0,0.0,1.0,0.0,0.0,0.0,0.0,1.0
2020-12-01,355400,0.0,1.0,1.0,0.0,0.0,0.0,3.0,5.0,0.0,0.0,1.0,0.0,0.0,0.0,1.0,2.0
2020-12-01,355410,7.0,0.0,0.0,0.0,0.0,0.0,2.0,9.0,0.0,0.0,0.0,0.0,0.0,0.0,1.0,1.0
2020-12-01,355430,1.0,0.0,3.0,0.0,0.0,0.0,3.0,7.0,0.0,0.0,0.0,0.0,0.0,0.0,0.0,0.0
2020-12-01,355460,1.0,0.0,1.0,0.0,0.0,0.0,2.0,4.0,0.0,0.0,0.0,0.0,0.0,0.0,0.0,0.0
2020-12-01,355480,2.0,0.0,0.0,0.0,0.0,0.0,1.0,3.0,0.0,0.0,0.0,0.0,0.0,0.0,1.0,1.0
2020-12-01,355500,14.0,1.0,0.0,0.0,0.0,0.0,16.0,31.0,0.0,0.0,0.0,0.0,0.0,0.0,4.0,4.0
2020-12-01,355540,2.0,2.0,12.0,0.0,0.0,0.0,2.0,18.0,0.0,1.0,7.0,0.0,0.0,0.0,0.0,8.0
2020-12-01,355550,0.0,0.0,0.0,0.0,0.0,0.0,1.0,1.0,0.0,0.0,0.0,0.0,0.0,0.0,1.0,1.0
2020-12-01,355580,1.0,0.0,1.0,0.0,0.0,0.0,1.0,3.0,0.0,0.0,1.0,0.0,0.0,0.0,0.0,1.0
2020-12-01,355600,1.0,0.0,0.0,0.0,0.0,0.0,3.0,4.0,0.0,0.0,0.0,0.0,0.0,0.0,1.0,1.0
2020-12-01,355610,0.0,0.0,0.0,0.0,0.0,0.0,1.0,1.0,0.0,0.0,0.0,0.0,0.0,0.0,0.0,0.0
2020-12-01,355620,4.0,0.0,3.0,0.0,0.0,0.0,5.0,12.0,1.0,0.0,1.0,0.0,0.0,0.0,2.0,4.0
2020-12-01,355630,0.0,0.0,0.0,0.0,0.0,0.0,1.0,1.0,0.0,0.0,0.0,0.0,0.0,0.0,1.0,1.0
2020-12-01,355635,1.0,0.0,0.0,0.0,0.0,0.0,1.0,2.0,0.0,0.0,0.0,0.0,0.0,0.0,0.0,0.0
2020-12-01,355640,2.0,1.0,0.0,0.0,0.0,0.0,14.0,17.0,1.0,0.0,0.0,0.0,0.0,0.0,3.0,4.0
2020-12-01,355650,5.0,10.0,0.0,1.0,0.0,0.0,2.0,18.0,4.0,6.0,0.0,1.0,0.0,0.0,2.0,13.0
2020-12-01,355660,1.0,0.0,0.0,0.0,0.0,0.0,2.0,3.0,0.0,0.0,0.0,0.0,0.0,0.0,1.0,1.0
2020-12-01,355670,0.0,0.0,1.0,0.0,0.0,0.0,2.0,3.0,0.0,0.0,1.0,0.0,0.0,0.0,0.0,1.0
2020-12-01,355700,0.0,0.0,0.0,0.0,0.0,0.0,4.0,4.0,0.0,0.0,0.0,0.0,0.0,0.0,3.0,3.0
2020-12-01,355710,2.0,0.0,1.0,0.0,0.0,0.0,8.0,11.0,1.0,0.0,0.0,0.0,0.0,0.0,3.0,4.0
2020-12-01,355715,0.0,1.0,0.0,0.0,0.0,0.0,1.0,2.0,0.0,0.0,0.0,0.0,0.0,0.0,0.0,0.0
2020-12-01,410010,0.0,0.0,0.0,0.0,0.0,0.0,2.0,2.0,0.0,0.0,0.0,0.0,0.0,0.0,1.0,1.0
2020-12-01,410020,0.0,1.0,0.0,0.0,0.0,0.0,1.0,2.0,0.0,0.0,0.0,0.0,0.0,0.0,0.0,0.0
2020-12-01,410030,1.0,1.0,0.0,0.0,0.0,0.0,1.0,3.0,0.0,0.0,0.0,0.0,0.0,0.0,0.0,0.0
2020-12-01,410040,0.0,5.0,1.0,0.0,0.0,0.0,24.0,30.0,0.0,1.0,0.0,0.0,0.0,0.0,12.0,13.0
2020-12-01,410045,0.0,0.0,0.0,0.0,0.0,0.0,1.0,1.0,0.0,0.0,0.0,0.0,0.0,0.0,0.0,0.0
2020-12-01,410050,5.0,0.0,1.0,0.0,0.0,0.0,1.0,7.0,1.0,0.0,0.0,0.0,0.0,0.0,1.0,2.0
2020-12-01,410060,4.0,0.0,0.0,0.0,0.0,0.0,5.0,9.0,0.0,0.0,0.0,0.0,0.0,0.0,1.0,1.0
2020-12-01,410070,4.0,0.0,3.0,0.0,0.0,0.0,4.0,11.0,0.0,0.0,0.0,0.0,0.0,0.0,1.0,1.0
2020-12-01,410080,2.0,0.0,0.0,0.0,0.0,0.0,2.0,4.0,0.0,0.0,0.0,0.0,0.0,0.0,1.0,1.0
2020-12-01,410090,2.0,0.0,0.0,0.0,0.0,0.0,2.0,4.0,0.0,0.0,0.0,0.0,0.0,0.0,1.0,1.0
2020-12-01,410100,1.0,0.0,0.0,0.0,0.0,0.0,3.0,4.0,1.0,0.0,0.0,0.0,0.0,0.0,0.0,1.0
2020-12-01,410120,0.0,3.0,0.0,0.0,0.0,0.0,12.0,15.0,0.0,2.0,0.0,0.0,0.0,0.0,4.0,6.0
2020-12-01,410130,1.0,0.0,0.0,0.0,0.0,0.0,1.0,2.0,0.0,0.0,0.0,0.0,0.0,0.0,0.0,0.0
2020-12-01,410140,7.0,3.0,1.0,0.0,2.0,0.0,9.0,22.0,1.0,0.0,0.0,0.0,0.0,0.0,1.0,2.0
2020-12-01,410150,8.0,1.0,4.0,0.0,0.0,0.0,3.0,16.0,1.0,1.0,1.0,0.0,0.0,0.0,2.0,5.0
2020-12-01,410165,0.0,0.0,0.0,0.0,0.0,0.0,2.0,2.0,0.0,0.0,0.0,0.0,0.0,0.0,1.0,1.0
2020-12-01,410170,1.0,0.0,1.0,0.0,0.0,0.0,1.0,3.0,0.0,0.0,0.0,0.0,0.0,0.0,0.0,0.0
2020-12-01,410180,0.0,9.0,0.0,0.0,0.0,0.0,22.0,31.0,0.0,5.0,0.0,0.0,0.0,0.0,6.0,11.0
2020-12-01,410200,4.0,1.0,0.0,0.0,0.0,0.0,9.0,14.0,0.0,0.0,0.0,0.0,0.0,0.0,2.0,2.0
2020-12-01,410210,4.0,1.0,2.0,0.0,0.0,0.0,5.0,12.0,1.0,0.0,1.0,0.0,0.0,0.0,2.0,4.0
2020-12-01,410230,1.0,0.0,0.0,0.0,0.0,0.0,2.0,3.0,0.0,0.0,0.0,0.0,0.0,0.0,1.0,1.0
2020-12-01,410240,5.0,0.0,1.0,0.0,0.0,0.0,3.0,9.0,2.0,0.0,0.0,0.0,0.0,0.0,2.0,4.0
2020-12-01,410250,0.0,0.0,0.0,0.0,0.0,0.0,2.0,2.0,0.0,0.0,0.0,0.0,0.0,0.0,0.0,0.0
2020-12-01,410280,0.0,0.0,1.0,0.0,0.0,0.0,10.0,11.0,0.0,0.0,0.0,0.0,0.0,0.0,2.0,2.0
2020-12-01,410290,0.0,0.0,0.0,0.0,0.0,0.0,4.0,4.0,0.0,0.0,0.0,0.0,0.0,0.0,1.0,1.0
2020-12-01,410304,2.0,0.0,1.0,0.0,0.0,0.0,1.0,4.0,0.0,0.0,0.0,0.0,0.0,0.0,1.0,1.0
2020-12-01,410310,0.0,1.0,0.0,0.0,0.0,0.0,1.0,2.0,0.0,1.0,0.0,0.0,0.0,0.0,1.0,2.0
2020-12-01,410320,1.0,0.0,0.0,0.0,0.0,0.0,3.0,4.0,0.0,0.0,0.0,0.0,0.0,0.0,1.0,1.0
2020-12-01,410330,2.0,1.0,1.0,0.0,0.0,0.0,2.0,6.0,1.0,0.0,0.0,0.0,0.0,0.0,0.0,1.0
2020-12-01,410337,0.0,0.0,1.0,0.0,0.0,0.0,1.0,2.0,0.0,0.0,0.0,0.0,0.0,0.0,1.0,1.0
2020-12-01,410340,0.0,0.0,0.0,0.0,0.0,0.0,1.0,1.0,0.0,0.0,0.0,0.0,0.0,0.0,0.0,0.0
2020-12-01,410345,0.0,0.0,0.0,0.0,0.0,0.0,2.0,2.0,0.0,0.0,0.0,0.0,0.0,0.0,0.0,0.0
2020-12-01,410347,0.0,0.0,2.0,0.0,0.0,0.0,2.0,4.0,0.0,0.0,0.0,0.0,0.0,0.0,0.0,0.0
2020-12-01,410350,3.0,0.0,0.0,0.0,0.0,0.0,2.0,5.0,0.0,0.0,0.0,0.0,0.0,0.0,0.0,0.0
2020-12-01,410370,9.0,9.0,4.0,0.0,0.0,0.0,23.0,45.0,0.0,4.0,2.0,0.0,0.0,0.0,9.0,15.0
2020-12-01,410380,3.0,0.0,0.0,0.0,0.0,0.0,1.0,4.0,1.0,0.0,0.0,0.0,0.0,0.0,0.0,1.0
2020-12-01,410390,0.0,0.0,0.0,0.0,0.0,0.0,1.0,1.0,0.0,0.0,0.0,0.0,0.0,0.0,0.0,0.0
2020-12-01,410400,0.0,6.0,0.0,0.0,0.0,0.0,13.0,19.0,0.0,1.0,0.0,0.0,0.0,0.0,1.0,2.0
2020-12-01,410410,1.0,1.0,0.0,0.0,0.0,0.0,3.0,5.0,0.0,1.0,0.0,0.0,0.0,0.0,3.0,4.0
2020-12-01,410420,1.0,5.0,0.0,0.0,0.0,0.0,12.0,18.0,0.0,2.0,0.0,0.0,0.0,0.0,1.0,3.0
2020-12-01,410425,2.0,5.0,2.0,0.0,0.0,0.0,7.0,16.0,1.0,1.0,0.0,0.0,0.0,0.0,3.0,5.0
2020-12-01,410430,3.0,0.0,0.0,0.0,0.0,0.0,18.0,21.0,2.0,0.0,0.0,0.0,0.0,0.0,9.0,11.0
2020-12-01,410440,2.0,0.0,0.0,0.0,0.0,0.0,1.0,3.0,1.0,0.0,0.0,0.0,0.0,0.0,0.0,1.0
2020-12-01,410460,0.0,0.0,0.0,0.0,0.0,0.0,2.0,2.0,0.0,0.0,0.0,0.0,0.0,0.0,0.0,0.0
2020-12-01,410465,1.0,0.0,0.0,0.0,0.0,0.0,1.0,2.0,0.0,0.0,0.0,0.0,0.0,0.0,0.0,0.0
2020-12-01,410470,3.0,0.0,0.0,0.0,0.0,0.0,1.0,4.0,2.0,0.0,0.0,0.0,0.0,0.0,1.0,3.0
2020-12-01,410480,6.0,1.0,3.0,0.0,0.0,0.0,6.0,16.0,0.0,0.0,3.0,0.0,0.0,0.0,5.0,8.0
2020-12-01,410490,2.0,1.0,0.0,0.0,0.0,0.0,12.0,15.0,1.0,0.0,0.0,0.0,0.0,0.0,3.0,4.0
2020-12-01,410510,2.0,0.0,0.0,0.0,0.0,0.0,9.0,11.0,0.0,0.0,0.0,0.0,0.0,0.0,1.0,1.0
2020-12-01,410520,0.0,2.0,0.0,0.0,0.0,0.0,2.0,4.0,0.0,0.0,0.0,0.0,0.0,0.0,0.0,0.0
2020-12-01,410530,0.0,0.0,0.0,0.0,0.0,0.0,1.0,1.0,0.0,0.0,0.0,0.0,0.0,0.0,0.0,0.0
2020-12-01,410550,3.0,0.0,0.0,0.0,0.0,0.0,1.0,4.0,0.0,0.0,0.0,0.0,0.0,0.0,1.0,1.0
2020-12-01,410570,1.0,0.0,0.0,0.0,0.0,0.0,3.0,4.0,0.0,0.0,0.0,0.0,0.0,0.0,2.0,2.0
2020-12-01,410580,5.0,11.0,1.0,0.0,0.0,0.0,27.0,44.0,1.0,2.0,0.0,0.0,0.0,0.0,6.0,9.0
2020-12-01,410590,3.0,1.0,2.0,0.0,0.0,0.0,6.0,12.0,1.0,0.0,1.0,0.0,0.0,0.0,1.0,3.0
2020-12-01,410610,1.0,0.0,0.0,0.0,0.0,0.0,2.0,3.0,1.0,0.0,0.0,0.0,0.0,0.0,1.0,2.0
2020-12-01,410620,0.0,2.0,0.0,0.0,0.0,0.0,5.0,7.0,0.0,1.0,0.0,0.0,0.0,0.0,0.0,1.0
2020-12-01,410640,1.0,2.0,0.0,0.0,0.0,0.0,1.0,4.0,0.0,0.0,0.0,0.0,0.0,0.0,0.0,0.0
2020-12-01,410655,0.0,0.0,0.0,0.0,0.0,0.0,2.0,2.0,0.0,0.0,0.0,0.0,0.0,0.0,0.0,0.0
2020-12-01,410660,4.0,1.0,0.0,0.0,0.0,0.0,2.0,7.0,1.0,1.0,0.0,0.0,0.0,0.0,0.0,2.0
2020-12-01,410685,0.0,0.0,0.0,0.0,0.0,0.0,1.0,1.0,0.0,0.0,0.0,0.0,0.0,0.0,0.0,0.0
2020-12-01,410690,45.0,25.0,11.0,0.0,0.0,0.0,77.0,158.0,19.0,11.0,6.0,0.0,0.0,0.0,24.0,60.0
2020-12-01,410700,1.0,0.0,0.0,0.0,0.0,0.0,3.0,4.0,0.0,0.0,0.0,0.0,0.0,0.0,1.0,1.0
2020-12-01,410710,1.0,0.0,0.0,0.0,0.0,0.0,1.0,2.0,0.0,0.0,0.0,0.0,0.0,0.0,0.0,0.0
2020-12-01,410720,0.0,0.0,0.0,0.0,0.0,0.0,2.0,2.0,0.0,0.0,0.0,0.0,0.0,0.0,0.0,0.0
2020-12-01,410725,3.0,0.0,0.0,0.0,0.0,0.0,2.0,5.0,0.0,0.0,0.0,0.0,0.0,0.0,1.0,1.0
2020-12-01,410730,0.0,0.0,0.0,0.0,0.0,0.0,1.0,1.0,0.0,0.0,0.0,0.0,0.0,0.0,1.0,1.0
2020-12-01,410753,0.0,0.0,0.0,0.0,0.0,0.0,1.0,1.0,0.0,0.0,0.0,0.0,0.0,0.0,0.0,0.0
2020-12-01,410760,1.0,0.0,0.0,0.0,0.0,0.0,2.0,3.0,1.0,0.0,0.0,0.0,0.0,0.0,0.0,1.0
2020-12-01,410765,2.0,12.0,1.0,0.0,0.0,0.0,35.0,50.0,1.0,4.0,0.0,0.0,0.0,0.0,9.0,14.0
2020-12-01,410775,4.0,0.0,0.0,0.0,0.0,0.0,2.0,6.0,0.0,0.0,0.0,0.0,0.0,0.0,0.0,0.0
2020-12-01,410790,0.0,0.0,0.0,0.0,0.0,0.0,1.0,1.0,0.0,0.0,0.0,0.0,0.0,0.0,0.0,0.0
2020-12-01,410800,2.0,0.0,0.0,0.0,0.0,0.0,4.0,6.0,1.0,0.0,0.0,0.0,0.0,0.0,0.0,1.0
2020-12-01,410830,0.0,0.0,2.0,0.0,0.0,0.0,74.0,76.0,0.0,0.0,1.0,0.0,0.0,0.0,32.0,33.0
2020-12-01,410840,0.0,0.0,0.0,0.0,0.0,0.0,2.0,2.0,0.0,0.0,0.0,0.0,0.0,0.0,0.0,0.0
2020-12-01,410855,0.0,0.0,0.0,0.0,0.0,0.0,1.0,1.0,0.0,0.0,0.0,0.0,0.0,0.0,0.0,0.0
2020-12-01,410860,2.0,0.0,1.0,0.0,0.0,0.0,4.0,7.0,0.0,0.0,0.0,0.0,0.0,0.0,3.0,3.0
2020-12-01,410880,2.0,1.0,1.0,0.0,0.0,0.0,6.0,10.0,2.0,0.0,0.0,0.0,0.0,0.0,3.0,5.0
2020-12-01,410930,0.0,1.0,3.0,0.0,0.0,0.0,4.0,8.0,0.0,0.0,1.0,0.0,0.0,0.0,0.0,1.0
2020-12-01,410940,3.0,2.0,0.0,1.0,0.0,0.0,10.0,16.0,0.0,0.0,0.0,1.0,0.0,0.0,2.0,3.0
2020-12-01,410960,0.0,3.0,0.0,0.0,0.0,0.0,5.0,8.0,0.0,1.0,0.0,0.0,0.0,0.0,3.0,4.0
2020-12-01,410970,4.0,0.0,1.0,0.0,0.0,0.0,4.0,9.0,2.0,0.0,0.0,0.0,0.0,0.0,1.0,3.0
2020-12-01,410980,3.0,7.0,0.0,0.0,0.0,0.0,4.0,14.0,1.0,1.0,0.0,0.0,0.0,0.0,1.0,3.0
2020-12-01,411000,0.0,0.0,0.0,0.0,0.0,0.0,1.0,1.0,0.0,0.0,0.0,0.0,0.0,0.0,0.0,0.0
2020-12-01,411007,2.0,0.0,0.0,0.0,0.0,0.0,2.0,4.0,0.0,0.0,0.0,0.0,0.0,0.0,1.0,1.0
2020-12-01,411010,0.0,0.0,0.0,0.0,0.0,0.0,6.0,6.0,0.0,0.0,0.0,0.0,0.0,0.0,5.0,5.0
2020-12-01,411060,4.0,0.0,2.0,0.0,0.0,0.0,1.0,7.0,0.0,0.0,0.0,0.0,0.0,0.0,1.0,1.0
2020-12-01,411070,1.0,0.0,0.0,0.0,0.0,0.0,1.0,2.0,0.0,0.0,0.0,0.0,0.0,0.0,1.0,1.0
2020-12-01,411080,0.0,0.0,0.0,0.0,1.0,0.0,2.0,3.0,0.0,0.0,0.0,0.0,0.0,0.0,0.0,0.0
2020-12-01,411090,5.0,0.0,1.0,0.0,0.0,0.0,5.0,11.0,0.0,0.0,1.0,0.0,0.0,0.0,0.0,1.0
2020-12-01,411095,0.0,1.0,0.0,0.0,0.0,0.0,3.0,4.0,0.0,1.0,0.0,0.0,0.0,0.0,2.0,3.0
2020-12-01,411100,1.0,0.0,0.0,0.0,0.0,0.0,3.0,4.0,0.0,0.0,0.0,0.0,0.0,0.0,1.0,1.0
2020-12-01,411110,0.0,0.0,0.0,0.0,0.0,0.0,1.0,1.0,0.0,0.0,0.0,0.0,0.0,0.0,0.0,0.0
2020-12-01,411125,0.0,2.0,0.0,0.0,0.0,0.0,3.0,5.0,0.0,1.0,0.0,0.0,0.0,0.0,2.0,3.0
2020-12-01,411130,0.0,0.0,0.0,0.0,0.0,0.0,1.0,1.0,0.0,0.0,0.0,0.0,0.0,0.0,0.0,0.0
2020-12-01,411150,5.0,2.0,0.0,0.0,0.0,0.0,3.0,10.0,0.0,2.0,0.0,0.0,0.0,0.0,0.0,2.0
2020-12-01,411180,1.0,0.0,0.0,0.0,0.0,0.0,4.0,5.0,0.0,0.0,0.0,0.0,0.0,0.0,0.0,0.0
2020-12-01,411190,0.0,1.0,0.0,0.0,0.0,0.0,4.0,5.0,0.0,1.0,0.0,0.0,0.0,0.0,1.0,2.0
2020-12-01,411200,0.0,0.0,1.0,0.0,0.0,0.0,3.0,4.0,0.0,0.0,1.0,0.0,0.0,0.0,0.0,1.0
2020-12-01,411210,9.0,0.0,1.0,0.0,0.0,0.0,11.0,21.0,0.0,0.0,0.0,0.0,0.0,0.0,2.0,2.0
2020-12-01,411250,3.0,0.0,0.0,0.0,0.0,0.0,3.0,6.0,0.0,0.0,0.0,0.0,0.0,0.0,1.0,1.0
2020-12-01,411275,3.0,0.0,0.0,0.0,0.0,0.0,1.0,4.0,0.0,0.0,0.0,0.0,0.0,0.0,0.0,0.0
2020-12-01,411310,0.0,0.0,0.0,0.0,0.0,0.0,1.0,1.0,0.0,0.0,0.0,0.0,0.0,0.0,1.0,1.0
2020-12-01,411320,0.0,4.0,0.0,0.0,0.0,0.0,13.0,17.0,0.0,1.0,0.0,0.0,0.0,0.0,5.0,6.0
2020-12-01,411325,1.0,0.0,0.0,0.0,0.0,0.0,1.0,2.0,0.0,0.0,0.0,0.0,0.0,0.0,0.0,0.0
2020-12-01,411330,0.0,0.0,0.0,0.0,0.0,0.0,1.0,1.0,0.0,0.0,0.0,0.0,0.0,0.0,0.0,0.0
2020-12-01,411350,2.0,0.0,1.0,0.0,0.0,0.0,4.0,7.0,0.0,0.0,0.0,0.0,0.0,0.0,1.0,1.0
2020-12-01,411370,39.0,8.0,10.0,1.0,0.0,0.0,61.0,119.0,12.0,0.0,2.0,0.0,0.0,0.0,19.0,33.0
2020-12-01,411373,0.0,1.0,0.0,0.0,0.0,0.0,1.0,2.0,0.0,1.0,0.0,0.0,0.0,0.0,0.0,1.0
2020-12-01,411375,0.0,0.0,1.0,0.0,0.0,0.0,4.0,5.0,0.0,0.0,1.0,0.0,0.0,0.0,1.0,2.0
2020-12-01,411380,1.0,1.0,0.0,0.0,0.0,0.0,1.0,3.0,0.0,0.0,0.0,0.0,0.0,0.0,1.0,1.0
2020-12-01,411390,0.0,0.0,0.0,0.0,0.0,0.0,2.0,2.0,0.0,0.0,0.0,0.0,0.0,0.0,1.0,1.0
2020-12-01,411400,0.0,0.0,0.0,0.0,0.0,0.0,4.0,4.0,0.0,0.0,0.0,0.0,0.0,0.0,2.0,2.0
2020-12-01,411420,1.0,1.0,0.0,0.0,0.0,0.0,7.0,9.0,0.0,0.0,0.0,0.0,0.0,0.0,0.0,0.0
2020-12-01,411430,1.0,1.0,1.0,0.0,0.0,0.0,6.0,9.0,0.0,0.0,1.0,0.0,0.0,0.0,1.0,2.0
2020-12-01,411440,1.0,0.0,0.0,0.0,0.0,0.0,2.0,3.0,0.0,0.0,0.0,0.0,0.0,0.0,1.0,1.0
2020-12-01,411450,0.0,0.0,0.0,0.0,0.0,0.0,2.0,2.0,0.0,0.0,0.0,0.0,0.0,0.0,1.0,1.0
2020-12-01,411460,1.0,0.0,1.0,0.0,0.0,0.0,6.0,8.0,0.0,0.0,0.0,0.0,0.0,0.0,3.0,3.0
2020-12-01,411470,2.0,0.0,0.0,0.0,0.0,0.0,1.0,3.0,0.0,0.0,0.0,0.0,0.0,0.0,1.0,1.0
2020-12-01,411480,1.0,0.0,0.0,0.0,0.0,0.0,2.0,3.0,1.0,0.0,0.0,0.0,0.0,0.0,0.0,1.0
2020-12-01,411490,1.0,0.0,0.0,0.0,0.0,0.0,4.0,5.0,0.0,0.0,0.0,0.0,0.0,0.0,2.0,2.0
2020-12-01,411500,0.0,0.0,0.0,0.0,0.0,0.0,3.0,3.0,0.0,0.0,0.0,0.0,0.0,0.0,0.0,0.0
2020-12-01,411510,1.0,0.0,0.0,0.0,0.0,0.0,1.0,2.0,0.0,0.0,0.0,0.0,0.0,0.0,0.0,0.0
2020-12-01,411520,25.0,11.0,8.0,0.0,0.0,2.0,43.0,89.0,11.0,2.0,1.0,0.0,0.0,1.0,11.0,26.0
2020-12-01,411535,0.0,0.0,0.0,0.0,0.0,0.0,1.0,1.0,0.0,0.0,0.0,0.0,0.0,0.0,0.0,0.0
2020-12-01,411540,0.0,0.0,0.0,0.0,0.0,0.0,1.0,1.0,0.0,0.0,0.0,0.0,0.0,0.0,1.0,1.0
2020-12-01,411560,1.0,0.0,0.0,0.0,0.0,0.0,1.0,2.0,0.0,0.0,0.0,0.0,0.0,0.0,0.0,0.0
2020-12-01,411570,0.0,2.0,0.0,0.0,0.0,0.0,5.0,7.0,0.0,1.0,0.0,0.0,0.0,0.0,2.0,3.0
2020-12-01,411575,0.0,0.0,1.0,0.0,0.0,0.0,2.0,3.0,0.0,0.0,1.0,0.0,0.0,0.0,0.0,1.0
2020-12-01,411580,1.0,0.0,0.0,0.0,0.0,0.0,2.0,3.0,0.0,0.0,0.0,0.0,0.0,0.0,0.0,0.0
2020-12-01,411585,1.0,0.0,0.0,0.0,0.0,0.0,1.0,2.0,0.0,0.0,0.0,0.0,0.0,0.0,1.0,1.0
2020-12-01,411605,0.0,1.0,0.0,0.0,0.0,0.0,1.0,2.0,0.0,1.0,0.0,0.0,0.0,0.0,0.0,1.0
2020-12-01,411610,1.0,0.0,1.0,0.0,0.0,0.0,4.0,6.0,0.0,0.0,0.0,0.0,0.0,0.0,2.0,2.0
2020-12-01,411620,0.0,3.0,0.0,0.0,0.0,0.0,3.0,6.0,0.0,2.0,0.0,0.0,0.0,0.0,1.0,3.0
2020-12-01,411640,0.0,0.0,1.0,0.0,0.0,0.0,8.0,9.0,0.0,0.0,1.0,0.0,0.0,0.0,3.0,4.0
2020-12-01,411670,0.0,0.0,0.0,0.0,0.0,0.0,1.0,1.0,0.0,0.0,0.0,0.0,0.0,0.0,0.0,0.0
2020-12-01,411690,0.0,1.0,1.0,0.0,0.0,0.0,4.0,6.0,0.0,1.0,0.0,0.0,0.0,0.0,3.0,4.0
2020-12-01,411710,1.0,0.0,1.0,0.0,0.0,0.0,1.0,3.0,0.0,0.0,0.0,0.0,0.0,0.0,1.0,1.0
2020-12-01,411720,1.0,0.0,1.0,0.0,0.0,0.0,1.0,3.0,0.0,0.0,0.0,0.0,0.0,0.0,0.0,0.0
2020-12-01,411725,0.0,0.0,0.0,0.0,0.0,0.0,1.0,1.0,0.0,0.0,0.0,0.0,0.0,0.0,1.0,1.0
2020-12-01,411727,3.0,0.0,0.0,0.0,0.0,0.0,2.0,5.0,0.0,0.0,0.0,0.0,0.0,0.0,0.0,0.0
2020-12-01,411730,4.0,0.0,1.0,0.0,0.0,0.0,2.0,7.0,1.0,0.0,0.0,0.0,0.0,0.0,0.0,1.0
2020-12-01,411740,1.0,0.0,0.0,0.0,0.0,0.0,1.0,2.0,0.0,0.0,0.0,0.0,0.0,0.0,0.0,0.0
2020-12-01,411750,3.0,0.0,0.0,0.0,0.0,0.0,12.0,15.0,1.0,0.0,0.0,0.0,0.0,0.0,4.0,5.0
2020-12-01,411760,0.0,3.0,1.0,0.0,0.0,0.0,9.0,13.0,0.0,2.0,0.0,0.0,0.0,0.0,6.0,8.0
2020-12-01,411770,0.0,2.0,0.0,0.0,0.0,0.0,1.0,3.0,0.0,1.0,0.0,0.0,0.0,0.0,0.0,1.0
2020-12-01,411780,1.0,0.0,0.0,0.0,0.0,0.0,4.0,5.0,0.0,0.0,0.0,0.0,0.0,0.0,2.0,2.0
2020-12-01,411790,2.0,1.0,0.0,0.0,0.0,0.0,4.0,7.0,1.0,0.0,0.0,0.0,0.0,0.0,0.0,1.0
2020-12-01,411800,0.0,0.0,0.0,0.0,0.0,0.0,2.0,2.0,0.0,0.0,0.0,0.0,0.0,0.0,0.0,0.0
2020-12-01,411810,1.0,0.0,0.0,0.0,0.0,0.0,4.0,5.0,1.0,0.0,0.0,0.0,0.0,0.0,1.0,2.0
2020-12-01,411820,0.0,4.0,1.0,0.0,0.0,0.0,13.0,18.0,0.0,1.0,0.0,0.0,0.0,0.0,4.0,5.0
2020-12-01,411830,0.0,0.0,0.0,0.0,0.0,0.0,1.0,1.0,0.0,0.0,0.0,0.0,0.0,0.0,0.0,0.0
2020-12-01,411840,3.0,3.0,0.0,0.0,0.0,0.0,5.0,11.0,0.0,2.0,0.0,0.0,0.0,0.0,2.0,4.0
2020-12-01,411850,4.0,0.0,1.0,0.0,0.0,0.0,2.0,7.0,2.0,0.0,0.0,0.0,0.0,0.0,0.0,2.0
2020-12-01,411860,0.0,1.0,0.0,0.0,0.0,0.0,3.0,4.0,0.0,1.0,0.0,0.0,0.0,0.0,1.0,2.0
2020-12-01,411870,0.0,0.0,0.0,0.0,0.0,0.0,1.0,1.0,0.0,0.0,0.0,0.0,0.0,0.0,0.0,0.0
2020-12-01,411910,0.0,1.0,0.0,1.0,0.0,0.0,1.0,3.0,0.0,0.0,0.0,0.0,0.0,0.0,1.0,1.0
2020-12-01,411915,7.0,23.0,1.0,0.0,0.0,0.0,29.0,60.0,2.0,5.0,1.0,0.0,0.0,0.0,8.0,16.0
2020-12-01,411920,3.0,0.0,0.0,0.0,0.0,0.0,1.0,4.0,0.0,0.0,0.0,0.0,0.0,0.0,0.0,0.0
2020-12-01,411930,3.0,0.0,0.0,0.0,0.0,0.0,2.0,5.0,0.0,0.0,0.0,0.0,0.0,0.0,0.0,0.0
2020-12-01,411940,1.0,0.0,0.0,0.0,0.0,0.0,2.0,3.0,1.0,0.0,0.0,0.0,0.0,0.0,2.0,3.0
2020-12-01,411950,1.0,9.0,1.0,0.0,0.0,0.0,20.0,31.0,0.0,0.0,1.0,0.0,0.0,0.0,6.0,7.0
2020-12-01,411960,2.0,0.0,1.0,0.0,0.0,0.0,1.0,4.0,0.0,0.0,0.0,0.0,0.0,0.0,0.0,0.0
2020-12-01,411970,0.0,0.0,0.0,0.0,0.0,0.0,1.0,1.0,0.0,0.0,0.0,0.0,0.0,0.0,0.0,0.0
2020-12-01,411990,3.0,4.0,1.0,0.0,0.0,0.0,13.0,21.0,3.0,3.0,1.0,0.0,0.0,0.0,5.0,12.0
2020-12-01,411995,0.0,0.0,0.0,0.0,0.0,0.0,3.0,3.0,0.0,0.0,0.0,0.0,0.0,0.0,0.0,0.0
2020-12-01,412000,0.0,0.0,0.0,0.0,0.0,0.0,1.0,1.0,0.0,0.0,0.0,0.0,0.0,0.0,0.0,0.0
2020-12-01,412010,0.0,0.0,0.0,0.0,0.0,0.0,3.0,3.0,0.0,0.0,0.0,0.0,0.0,0.0,0.0,0.0
2020-12-01,412050,0.0,0.0,0.0,0.0,0.0,0.0,2.0,2.0,0.0,0.0,0.0,0.0,0.0,0.0,0.0,0.0
2020-12-01,412060,11.0,1.0,1.0,0.0,0.0,0.0,11.0,24.0,6.0,0.0,0.0,0.0,0.0,0.0,2.0,8.0
2020-12-01,412070,0.0,1.0,0.0,0.0,0.0,0.0,2.0,3.0,0.0,1.0,0.0,0.0,0.0,0.0,0.0,1.0
2020-12-01,412080,2.0,1.0,0.0,0.0,0.0,0.0,3.0,6.0,1.0,0.0,0.0,0.0,0.0,0.0,0.0,1.0
2020-12-01,412090,0.0,0.0,0.0,0.0,0.0,0.0,4.0,4.0,0.0,0.0,0.0,0.0,0.0,0.0,2.0,2.0
2020-12-01,412100,0.0,0.0,0.0,0.0,0.0,0.0,1.0,1.0,0.0,0.0,0.0,0.0,0.0,0.0,0.0,0.0
2020-12-01,412140,1.0,0.0,0.0,0.0,0.0,0.0,3.0,4.0,1.0,0.0,0.0,0.0,0.0,0.0,1.0,2.0
2020-12-01,412150,0.0,1.0,0.0,0.0,0.0,0.0,2.0,3.0,0.0,0.0,0.0,0.0,0.0,0.0,1.0,1.0
2020-12-01,412170,8.0,0.0,0.0,0.0,1.0,0.0,9.0,18.0,2.0,0.0,0.0,0.0,0.0,0.0,2.0,4.0
2020-12-01,412190,0.0,0.0,0.0,0.0,0.0,0.0,5.0,5.0,0.0,0.0,0.0,0.0,0.0,0.0,2.0,2.0
2020-12-01,412217,0.0,0.0,0.0,0.0,0.0,0.0,3.0,3.0,0.0,0.0,0.0,0.0,0.0,0.0,2.0,2.0
2020-12-01,412220,1.0,3.0,1.0,0.0,0.0,0.0,3.0,8.0,0.0,0.0,0.0,0.0,0.0,0.0,2.0,2.0
2020-12-01,412230,0.0,0.0,1.0,0.0,0.0,0.0,3.0,4.0,0.0,0.0,0.0,0.0,0.0,0.0,2.0,2.0
2020-12-01,412240,2.0,3.0,0.0,0.0,0.0,0.0,8.0,13.0,0.0,0.0,0.0,0.0,0.0,0.0,4.0,4.0
2020-12-01,412260,0.0,0.0,0.0,0.0,0.0,0.0,2.0,2.0,0.0,0.0,0.0,0.0,0.0,0.0,1.0,1.0
2020-12-01,412270,0.0,0.0,0.0,0.0,0.0,0.0,1.0,1.0,0.0,0.0,0.0,0.0,0.0,0.0,0.0,0.0
2020-12-01,412300,0.0,0.0,0.0,0.0,0.0,0.0,2.0,2.0,0.0,0.0,0.0,0.0,0.0,0.0,1.0,1.0
2020-12-01,412330,0.0,0.0,0.0,0.0,0.0,0.0,1.0,1.0,0.0,0.0,0.0,0.0,0.0,0.0,0.0,0.0
2020-12-01,412340,0.0,1.0,0.0,0.0,0.0,0.0,2.0,3.0,0.0,0.0,0.0,0.0,0.0,0.0,0.0,0.0
2020-12-01,412350,1.0,0.0,0.0,0.0,0.0,0.0,9.0,10.0,1.0,0.0,0.0,0.0,0.0,0.0,2.0,3.0
2020-12-01,412380,0.0,2.0,0.0,0.0,0.0,0.0,1.0,3.0,0.0,0.0,0.0,0.0,0.0,0.0,0.0,0.0
2020-12-01,412390,0.0,0.0,0.0,0.0,0.0,0.0,2.0,2.0,0.0,0.0,0.0,0.0,0.0,0.0,1.0,1.0
2020-12-01,412405,3.0,0.0,0.0,0.0,0.0,0.0,1.0,4.0,0.0,0.0,0.0,0.0,0.0,0.0,1.0,1.0
2020-12-01,412410,1.0,0.0,0.0,0.0,0.0,0.0,2.0,3.0,1.0,0.0,0.0,0.0,0.0,0.0,1.0,2.0
2020-12-01,412420,0.0,0.0,0.0,0.0,0.0,0.0,1.0,1.0,0.0,0.0,0.0,0.0,0.0,0.0,0.0,0.0
2020-12-01,412450,2.0,0.0,1.0,0.0,0.0,0.0,2.0,5.0,0.0,0.0,0.0,0.0,0.0,0.0,0.0,0.0
2020-12-01,412490,0.0,0.0,0.0,0.0,0.0,0.0,1.0,1.0,0.0,0.0,0.0,0.0,0.0,0.0,0.0,0.0
2020-12-01,412500,0.0,0.0,1.0,0.0,0.0,0.0,3.0,4.0,0.0,0.0,0.0,0.0,0.0,0.0,0.0,0.0
2020-12-01,412510,0.0,0.0,0.0,0.0,0.0,0.0,3.0,3.0,0.0,0.0,0.0,0.0,0.0,0.0,2.0,2.0
2020-12-01,412520,0.0,0.0,0.0,0.0,0.0,0.0,1.0,1.0,0.0,0.0,0.0,0.0,0.0,0.0,0.0,0.0
2020-12-01,412535,1.0,1.0,1.0,0.0,0.0,0.0,2.0,5.0,0.0,0.0,0.0,0.0,0.0,0.0,1.0,1.0
2020-12-01,412540,0.0,0.0,0.0,0.0,0.0,0.0,1.0,1.0,0.0,0.0,0.0,0.0,0.0,0.0,0.0,0.0
2020-12-01,412550,3.0,13.0,1.0,0.0,0.0,0.0,34.0,51.0,1.0,7.0,1.0,0.0,0.0,0.0,10.0,19.0
2020-12-01,412560,0.0,0.0,0.0,0.0,0.0,0.0,4.0,4.0,0.0,0.0,0.0,0.0,0.0,0.0,1.0,1.0
2020-12-01,412570,4.0,0.0,1.0,0.0,0.0,0.0,2.0,7.0,1.0,0.0,0.0,0.0,0.0,0.0,1.0,2.0
2020-12-01,412580,0.0,1.0,1.0,0.0,0.0,0.0,3.0,5.0,0.0,1.0,1.0,0.0,0.0,0.0,0.0,2.0
2020-12-01,412600,0.0,0.0,0.0,0.0,0.0,0.0,1.0,1.0,0.0,0.0,0.0,0.0,0.0,0.0,0.0,0.0
2020-12-01,412610,1.0,0.0,0.0,0.0,0.0,0.0,1.0,2.0,0.0,0.0,0.0,0.0,0.0,0.0,1.0,1.0
2020-12-01,412620,1.0,0.0,0.0,0.0,0.0,0.0,2.0,3.0,1.0,0.0,0.0,0.0,0.0,0.0,2.0,3.0
2020-12-01,412625,3.0,0.0,3.0,0.0,0.0,0.0,9.0,15.0,1.0,0.0,0.0,0.0,0.0,0.0,3.0,4.0
2020-12-01,412630,0.0,0.0,0.0,0.0,0.0,0.0,1.0,1.0,0.0,0.0,0.0,0.0,0.0,0.0,1.0,1.0
2020-12-01,412667,2.0,0.0,0.0,0.0,0.0,0.0,5.0,7.0,1.0,0.0,0.0,0.0,0.0,0.0,4.0,5.0
2020-12-01,412670,0.0,1.0,0.0,0.0,0.0,0.0,1.0,2.0,0.0,0.0,0.0,0.0,0.0,0.0,1.0,1.0
2020-12-01,412680,1.0,1.0,0.0,0.0,0.0,0.0,3.0,5.0,0.0,0.0,0.0,0.0,0.0,0.0,1.0,1.0
2020-12-01,412700,1.0,0.0,0.0,0.0,0.0,0.0,4.0,5.0,0.0,0.0,0.0,0.0,0.0,0.0,1.0,1.0
2020-12-01,412710,0.0,0.0,0.0,0.0,0.0,0.0,8.0,8.0,0.0,0.0,0.0,0.0,0.0,0.0,5.0,5.0
2020-12-01,412740,2.0,0.0,0.0,0.0,0.0,0.0,2.0,4.0,0.0,0.0,0.0,0.0,0.0,0.0,0.0,0.0
2020-12-01,412750,2.0,1.0,0.0,0.0,0.0,0.0,7.0,10.0,1.0,1.0,0.0,0.0,0.0,0.0,1.0,3.0
2020-12-01,412760,0.0,2.0,0.0,0.0,0.0,0.0,3.0,5.0,0.0,1.0,0.0,0.0,0.0,0.0,1.0,2.0
2020-12-01,412770,4.0,1.0,0.0,0.0,0.0,0.0,6.0,11.0,1.0,0.0,0.0,0.0,0.0,0.0,2.0,3.0
2020-12-01,412780,0.0,0.0,0.0,0.0,0.0,0.0,3.0,3.0,0.0,0.0,0.0,0.0,0.0,0.0,1.0,1.0
2020-12-01,412785,0.0,0.0,0.0,0.0,0.0,0.0,1.0,1.0,0.0,0.0,0.0,0.0,0.0,0.0,0.0,0.0
2020-12-01,412788,0.0,0.0,0.0,0.0,0.0,0.0,1.0,1.0,0.0,0.0,0.0,0.0,0.0,0.0,0.0,0.0
2020-12-01,412796,2.0,0.0,1.0,0.0,0.0,0.0,1.0,4.0,1.0,0.0,0.0,0.0,0.0,0.0,0.0,1.0
2020-12-01,412810,22.0,2.0,9.0,0.0,0.0,0.0,21.0,54.0,1.0,0.0,0.0,0.0,0.0,0.0,7.0,8.0
2020-12-01,412820,3.0,1.0,1.0,0.0,0.0,0.0,25.0,30.0,0.0,1.0,1.0,0.0,0.0,0.0,12.0,14.0
2020-12-01,412830,0.0,0.0,0.0,0.0,0.0,0.0,1.0,1.0,0.0,0.0,0.0,0.0,0.0,0.0,0.0,0.0
2020-12-01,412850,6.0,0.0,1.0,0.0,0.0,0.0,3.0,10.0,1.0,0.0,0.0,0.0,0.0,0.0,0.0,1.0
2020-12-01,412855,1.0,1.0,0.0,0.0,0.0,0.0,1.0,3.0,1.0,0.0,0.0,0.0,0.0,0.0,0.0,1.0
2020-12-01,420020,0.0,0.0,0.0,0.0,0.0,0.0,1.0,1.0,0.0,0.0,0.0,0.0,0.0,0.0,1.0,1.0
2020-12-01,420030,0.0,0.0,1.0,0.0,0.0,0.0,1.0,2.0,0.0,0.0,0.0,0.0,0.0,0.0,0.0,0.0
2020-12-01,420040,0.0,0.0,0.0,0.0,0.0,0.0,1.0,1.0,0.0,0.0,0.0,0.0,0.0,0.0,0.0,0.0
2020-12-01,420090,1.0,0.0,0.0,0.0,0.0,0.0,1.0,2.0,0.0,0.0,0.0,0.0,0.0,0.0,0.0,0.0
2020-12-01,420100,1.0,0.0,0.0,0.0,0.0,0.0,1.0,2.0,0.0,0.0,0.0,0.0,0.0,0.0,1.0,1.0
2020-12-01,420125,0.0,1.0,1.0,0.0,0.0,0.0,1.0,3.0,0.0,0.0,1.0,0.0,0.0,0.0,1.0,2.0
2020-12-01,420140,1.0,0.0,0.0,0.0,0.0,0.0,1.0,2.0,1.0,0.0,0.0,0.0,0.0,0.0,0.0,1.0
2020-12-01,420160,0.0,0.0,0.0,0.0,0.0,0.0,1.0,1.0,0.0,0.0,0.0,0.0,0.0,0.0,0.0,0.0
2020-12-01,420195,0.0,0.0,0.0,0.0,0.0,0.0,1.0,1.0,0.0,0.0,0.0,0.0,0.0,0.0,0.0,0.0
2020-12-01,420200,1.0,0.0,2.0,0.0,0.0,0.0,4.0,7.0,1.0,0.0,2.0,0.0,0.0,0.0,1.0,4.0
2020-12-01,420207,0.0,0.0,2.0,0.0,0.0,0.0,2.0,4.0,0.0,0.0,0.0,0.0,0.0,0.0,0.0,0.0
2020-12-01,420208,0.0,0.0,0.0,0.0,0.0,0.0,1.0,1.0,0.0,0.0,0.0,0.0,0.0,0.0,0.0,0.0
2020-12-01,420220,0.0,0.0,0.0,0.0,0.0,0.0,1.0,1.0,0.0,0.0,0.0,0.0,0.0,0.0,0.0,0.0
2020-12-01,420230,3.0,3.0,3.0,0.0,0.0,0.0,3.0,12.0,0.0,1.0,2.0,0.0,0.0,0.0,0.0,3.0
2020-12-01,420240,0.0,14.0,13.0,0.0,0.0,0.0,11.0,38.0,0.0,5.0,4.0,0.0,0.0,0.0,2.0,11.0
2020-12-01,420245,3.0,1.0,0.0,0.0,0.0,0.0,1.0,5.0,1.0,0.0,0.0,0.0,0.0,0.0,0.0,1.0
2020-12-01,420270,0.0,0.0,3.0,0.0,0.0,0.0,1.0,4.0,0.0,0.0,3.0,0.0,0.0,0.0,0.0,3.0
2020-12-01,420280,1.0,0.0,1.0,0.0,0.0,0.0,1.0,3.0,1.0,0.0,0.0,0.0,0.0,0.0,0.0,1.0
2020-12-01,420287,0.0,0.0,0.0,0.0,0.0,0.0,1.0,1.0,0.0,0.0,0.0,0.0,0.0,0.0,1.0,1.0
2020-12-01,420290,4.0,1.0,7.0,0.0,0.0,0.0,2.0,14.0,2.0,0.0,2.0,0.0,0.0,0.0,0.0,4.0
2020-12-01,420300,5.0,0.0,3.0,0.0,0.0,0.0,11.0,19.0,1.0,0.0,2.0,0.0,0.0,0.0,2.0,5.0
2020-12-01,420310,0.0,0.0,0.0,0.0,0.0,0.0,2.0,2.0,0.0,0.0,0.0,0.0,0.0,0.0,1.0,1.0
2020-12-01,420320,1.0,0.0,4.0,0.0,0.0,0.0,1.0,6.0,0.0,0.0,0.0,0.0,0.0,0.0,1.0,1.0
2020-12-01,420340,0.0,0.0,0.0,0.0,0.0,0.0,2.0,2.0,0.0,0.0,0.0,0.0,0.0,0.0,2.0,2.0
2020-12-01,420360,1.0,0.0,0.0,0.0,0.0,0.0,1.0,2.0,0.0,0.0,0.0,0.0,0.0,0.0,1.0,1.0
2020-12-01,420380,1.0,0.0,0.0,0.0,0.0,0.0,1.0,2.0,0.0,0.0,0.0,0.0,0.0,0.0,0.0,0.0
2020-12-01,420390,0.0,0.0,3.0,0.0,0.0,0.0,3.0,6.0,0.0,0.0,0.0,0.0,0.0,0.0,0.0,0.0
2020-12-01,420395,0.0,0.0,2.0,0.0,0.0,0.0,2.0,4.0,0.0,0.0,1.0,0.0,0.0,0.0,2.0,3.0
2020-12-01,420400,1.0,0.0,1.0,0.0,0.0,0.0,1.0,3.0,0.0,0.0,1.0,0.0,0.0,0.0,1.0,2.0
2020-12-01,420410,0.0,0.0,0.0,0.0,0.0,0.0,1.0,1.0,0.0,0.0,0.0,0.0,0.0,0.0,1.0,1.0
2020-12-01,420420,1.0,0.0,0.0,0.0,0.0,0.0,10.0,11.0,0.0,0.0,0.0,0.0,0.0,0.0,3.0,3.0
2020-12-01,420425,1.0,1.0,0.0,0.0,0.0,0.0,1.0,3.0,1.0,0.0,0.0,0.0,0.0,0.0,1.0,2.0
2020-12-01,420430,3.0,6.0,6.0,0.0,0.0,0.0,15.0,30.0,1.0,3.0,0.0,0.0,0.0,0.0,7.0,11.0
2020-12-01,420440,0.0,0.0,0.0,0.0,0.0,0.0,1.0,1.0,0.0,0.0,0.0,0.0,0.0,0.0,0.0,0.0
2020-12-01,420460,0.0,1.0,1.0,0.0,0.0,0.0,3.0,5.0,0.0,0.0,0.0,0.0,0.0,0.0,2.0,2.0
2020-12-01,420480,0.0,0.0,1.0,0.0,0.0,0.0,14.0,15.0,0.0,0.0,0.0,0.0,0.0,0.0,2.0,2.0
2020-12-01,420490,1.0,0.0,1.0,0.0,0.0,0.0,5.0,7.0,0.0,0.0,0.0,0.0,0.0,0.0,1.0,1.0
2020-12-01,420540,26.0,18.0,9.0,1.0,0.0,0.0,21.0,75.0,5.0,8.0,3.0,1.0,0.0,0.0,6.0,23.0
2020-12-01,420545,0.0,0.0,0.0,0.0,0.0,0.0,2.0,2.0,0.0,0.0,0.0,0.0,0.0,0.0,1.0,1.0
2020-12-01,420550,2.0,0.0,1.0,0.0,0.0,0.0,4.0,7.0,0.0,0.0,0.0,0.0,0.0,0.0,2.0,2.0
2020-12-01,420590,2.0,0.0,1.0,0.0,0.0,0.0,5.0,8.0,0.0,0.0,0.0,0.0,0.0,0.0,2.0,2.0
2020-12-01,420600,1.0,0.0,0.0,0.0,0.0,0.0,1.0,2.0,0.0,0.0,0.0,0.0,0.0,0.0,0.0,0.0
2020-12-01,420610,0.0,0.0,0.0,0.0,0.0,0.0,1.0,1.0,0.0,0.0,0.0,0.0,0.0,0.0,0.0,0.0
2020-12-01,420620,0.0,0.0,0.0,0.0,0.0,0.0,1.0,1.0,0.0,0.0,0.0,0.0,0.0,0.0,0.0,0.0
2020-12-01,420630,0.0,1.0,2.0,0.0,0.0,0.0,1.0,4.0,0.0,1.0,2.0,0.0,0.0,0.0,1.0,4.0
2020-12-01,420665,0.0,0.0,0.0,0.0,0.0,0.0,1.0,1.0,0.0,0.0,0.0,0.0,0.0,0.0,0.0,0.0
2020-12-01,420670,0.0,0.0,0.0,2.0,0.0,0.0,2.0,4.0,0.0,0.0,0.0,1.0,0.0,0.0,0.0,1.0
2020-12-01,420690,1.0,0.0,2.0,0.0,0.0,0.0,2.0,5.0,0.0,0.0,1.0,0.0,0.0,0.0,0.0,1.0
2020-12-01,420700,0.0,1.0,0.0,0.0,0.0,0.0,1.0,2.0,0.0,1.0,0.0,0.0,0.0,0.0,0.0,1.0
2020-12-01,420730,2.0,0.0,0.0,0.0,0.0,0.0,2.0,4.0,0.0,0.0,0.0,0.0,0.0,0.0,2.0,2.0
2020-12-01,420740,0.0,1.0,0.0,0.0,0.0,0.0,1.0,2.0,0.0,0.0,0.0,0.0,0.0,0.0,0.0,0.0
2020-12-01,420750,0.0,3.0,3.0,0.0,0.0,0.0,1.0,7.0,0.0,0.0,2.0,0.0,0.0,0.0,0.0,2.0
2020-12-01,420770,0.0,1.0,0.0,0.0,0.0,0.0,2.0,3.0,0.0,1.0,0.0,0.0,0.0,0.0,0.0,1.0
2020-12-01,420780,0.0,0.0,0.0,0.0,0.0,0.0,2.0,2.0,0.0,0.0,0.0,0.0,0.0,0.0,1.0,1.0
2020-12-01,420800,0.0,0.0,0.0,0.0,0.0,0.0,1.0,1.0,0.0,0.0,0.0,0.0,0.0,0.0,0.0,0.0
2020-12-01,420810,1.0,0.0,0.0,0.0,0.0,0.0,1.0,2.0,1.0,0.0,0.0,0.0,0.0,0.0,0.0,1.0
2020-12-01,420820,5.0,1.0,0.0,0.0,0.0,0.0,1.0,7.0,1.0,1.0,0.0,0.0,0.0,0.0,1.0,3.0
2020-12-01,420830,0.0,1.0,1.0,0.0,0.0,0.0,3.0,5.0,0.0,0.0,1.0,0.0,0.0,0.0,0.0,1.0
2020-12-01,420840,0.0,0.0,0.0,0.0,0.0,0.0,1.0,1.0,0.0,0.0,0.0,0.0,0.0,0.0,0.0,0.0
2020-12-01,420845,1.0,1.0,1.0,0.0,0.0,0.0,2.0,5.0,1.0,0.0,0.0,0.0,0.0,0.0,1.0,2.0
2020-12-01,420860,0.0,0.0,0.0,0.0,0.0,0.0,1.0,1.0,0.0,0.0,0.0,0.0,0.0,0.0,1.0,1.0
2020-12-01,420870,1.0,0.0,3.0,0.0,0.0,0.0,3.0,7.0,0.0,0.0,0.0,0.0,0.0,0.0,1.0,1.0
2020-12-01,420890,2.0,0.0,1.0,0.0,0.0,0.0,2.0,5.0,1.0,0.0,0.0,0.0,0.0,0.0,2.0,3.0
2020-12-01,420900,0.0,0.0,1.0,0.0,0.0,0.0,9.0,10.0,0.0,0.0,0.0,0.0,0.0,0.0,1.0,1.0
2020-12-01,420910,9.0,9.0,12.0,1.0,0.0,1.0,2.0,34.0,5.0,8.0,8.0,1.0,0.0,1.0,0.0,23.0
2020-12-01,420930,5.0,0.0,2.0,0.0,0.0,0.0,10.0,17.0,2.0,0.0,1.0,0.0,0.0,0.0,2.0,5.0
2020-12-01,420940,3.0,1.0,2.0,0.0,0.0,0.0,6.0,12.0,1.0,0.0,0.0,0.0,0.0,0.0,2.0,3.0
2020-12-01,420960,0.0,0.0,0.0,0.0,1.0,0.0,1.0,2.0,0.0,0.0,0.0,0.0,1.0,0.0,0.0,1.0
2020-12-01,420970,0.0,0.0,0.0,0.0,0.0,0.0,2.0,2.0,0.0,0.0,0.0,0.0,0.0,0.0,0.0,0.0
2020-12-01,421010,1.0,0.0,1.0,0.0,0.0,0.0,3.0,5.0,0.0,0.0,1.0,0.0,0.0,0.0,2.0,3.0
2020-12-01,421040,1.0,0.0,1.0,0.0,0.0,0.0,1.0,3.0,0.0,0.0,0.0,0.0,0.0,0.0,1.0,1.0
2020-12-01,421060,0.0,0.0,0.0,0.0,0.0,0.0,1.0,1.0,0.0,0.0,0.0,0.0,0.0,0.0,0.0,0.0
2020-12-01,421080,0.0,0.0,1.0,0.0,0.0,0.0,1.0,2.0,0.0,0.0,0.0,0.0,0.0,0.0,0.0,0.0
2020-12-01,421100,1.0,0.0,2.0,0.0,0.0,0.0,2.0,5.0,1.0,0.0,1.0,0.0,0.0,0.0,0.0,2.0
2020-12-01,421105,0.0,0.0,0.0,0.0,0.0,0.0,1.0,1.0,0.0,0.0,0.0,0.0,0.0,0.0,0.0,0.0
2020-12-01,421110,0.0,0.0,0.0,0.0,0.0,0.0,1.0,1.0,0.0,0.0,0.0,0.0,0.0,0.0,0.0,0.0
2020-12-01,421145,0.0,0.0,1.0,0.0,0.0,0.0,1.0,2.0,0.0,0.0,1.0,0.0,0.0,0.0,0.0,1.0
2020-12-01,421160,0.0,0.0,0.0,0.0,0.0,0.0,2.0,2.0,0.0,0.0,0.0,0.0,0.0,0.0,0.0,0.0
2020-12-01,421170,0.0,0.0,1.0,0.0,0.0,0.0,1.0,2.0,0.0,0.0,1.0,0.0,0.0,0.0,0.0,1.0
2020-12-01,421180,0.0,0.0,0.0,0.0,0.0,0.0,2.0,2.0,0.0,0.0,0.0,0.0,0.0,0.0,0.0,0.0
2020-12-01,421187,1.0,0.0,0.0,0.0,0.0,0.0,1.0,2.0,1.0,0.0,0.0,0.0,0.0,0.0,0.0,1.0
2020-12-01,421190,8.0,3.0,4.0,0.0,0.0,0.0,13.0,28.0,0.0,3.0,2.0,0.0,0.0,0.0,4.0,9.0
2020-12-01,421220,0.0,0.0,0.0,0.0,0.0,0.0,3.0,3.0,0.0,0.0,0.0,0.0,0.0,0.0,2.0,2.0
2020-12-01,421265,1.0,0.0,1.0,0.0,0.0,0.0,1.0,3.0,0.0,0.0,0.0,0.0,0.0,0.0,0.0,0.0
2020-12-01,421270,0.0,0.0,1.0,0.0,0.0,0.0,5.0,6.0,0.0,0.0,0.0,0.0,0.0,0.0,0.0,0.0
2020-12-01,421320,0.0,1.0,2.0,0.0,0.0,0.0,2.0,5.0,0.0,0.0,2.0,0.0,0.0,0.0,1.0,3.0
2020-12-01,421335,0.0,0.0,1.0,0.0,0.0,0.0,1.0,2.0,0.0,0.0,1.0,0.0,0.0,0.0,1.0,2.0
2020-12-01,421340,0.0,0.0,0.0,0.0,0.0,0.0,4.0,4.0,0.0,0.0,0.0,0.0,0.0,0.0,0.0,0.0
2020-12-01,421350,0.0,1.0,1.0,0.0,0.0,0.0,1.0,3.0,0.0,0.0,1.0,0.0,0.0,0.0,0.0,1.0
2020-12-01,421360,0.0,0.0,1.0,0.0,0.0,0.0,7.0,8.0,0.0,0.0,1.0,0.0,0.0,0.0,5.0,6.0
2020-12-01,421370,0.0,0.0,2.0,0.0,0.0,0.0,5.0,7.0,0.0,0.0,0.0,0.0,0.0,0.0,4.0,4.0
2020-12-01,421380,0.0,0.0,4.0,0.0,0.0,0.0,1.0,5.0,0.0,0.0,1.0,0.0,0.0,0.0,1.0,2.0
2020-12-01,421400,0.0,0.0,5.0,0.0,0.0,0.0,3.0,8.0,0.0,0.0,2.0,0.0,0.0,0.0,1.0,3.0
2020-12-01,421420,0.0,0.0,0.0,0.0,0.0,0.0,1.0,1.0,0.0,0.0,0.0,0.0,0.0,0.0,0.0,0.0
2020-12-01,421440,0.0,0.0,0.0,0.0,0.0,0.0,3.0,3.0,0.0,0.0,0.0,0.0,0.0,0.0,2.0,2.0
2020-12-01,421450,1.0,0.0,1.0,0.0,0.0,0.0,1.0,3.0,0.0,0.0,0.0,0.0,0.0,0.0,0.0,0.0
2020-12-01,421480,0.0,1.0,4.0,0.0,0.0,0.0,9.0,14.0,0.0,0.0,3.0,0.0,0.0,0.0,1.0,4.0
2020-12-01,421500,1.0,0.0,0.0,0.0,0.0,0.0,1.0,2.0,0.0,0.0,0.0,0.0,0.0,0.0,0.0,0.0
2020-12-01,421507,0.0,0.0,0.0,0.0,0.0,0.0,1.0,1.0,0.0,0.0,0.0,0.0,0.0,0.0,0.0,0.0
2020-12-01,421530,0.0,0.0,1.0,0.0,0.0,0.0,2.0,3.0,0.0,0.0,0.0,0.0,0.0,0.0,0.0,0.0
2020-12-01,421540,0.0,0.0,2.0,0.0,0.0,0.0,1.0,3.0,0.0,0.0,2.0,0.0,0.0,0.0,0.0,2.0
2020-12-01,421545,0.0,0.0,1.0,0.0,0.0,0.0,1.0,2.0,0.0,0.0,0.0,0.0,0.0,0.0,1.0,1.0
2020-12-01,421550,1.0,1.0,0.0,0.0,0.0,0.0,5.0,7.0,0.0,1.0,0.0,0.0,0.0,0.0,1.0,2.0
2020-12-01,421565,0.0,0.0,1.0,0.0,0.0,0.0,1.0,2.0,0.0,0.0,0.0,0.0,0.0,0.0,0.0,0.0
2020-12-01,421570,3.0,0.0,1.0,0.0,0.0,0.0,2.0,6.0,3.0,0.0,0.0,0.0,0.0,0.0,0.0,3.0
2020-12-01,421590,0.0,0.0,0.0,0.0,0.0,0.0,1.0,1.0,0.0,0.0,0.0,0.0,0.0,0.0,0.0,0.0
2020-12-01,421600,0.0,0.0,0.0,0.0,0.0,0.0,2.0,2.0,0.0,0.0,0.0,0.0,0.0,0.0,1.0,1.0
2020-12-01,421605,0.0,0.0,0.0,0.0,0.0,0.0,1.0,1.0,0.0,0.0,0.0,0.0,0.0,0.0,1.0,1.0
2020-12-01,421610,0.0,0.0,0.0,0.0,0.0,0.0,1.0,1.0,0.0,0.0,0.0,0.0,0.0,0.0,0.0,0.0
2020-12-01,421630,0.0,0.0,0.0,0.0,0.0,0.0,1.0,1.0,0.0,0.0,0.0,0.0,0.0,0.0,0.0,0.0
2020-12-01,421635,0.0,0.0,0.0,0.0,0.0,0.0,1.0,1.0,0.0,0.0,0.0,0.0,0.0,0.0,0.0,0.0
2020-12-01,421640,0.0,0.0,0.0,0.0,0.0,0.0,1.0,1.0,0.0,0.0,0.0,0.0,0.0,0.0,1.0,1.0
2020-12-01,421650,0.0,0.0,0.0,0.0,0.0,0.0,2.0,2.0,0.0,0.0,0.0,0.0,0.0,0.0,0.0,0.0
2020-12-01,421660,26.0,12.0,9.0,0.0,0.0,0.0,12.0,59.0,1.0,5.0,5.0,0.0,0.0,0.0,4.0,15.0
2020-12-01,421700,0.0,0.0,1.0,0.0,0.0,0.0,1.0,2.0,0.0,0.0,0.0,0.0,0.0,0.0,1.0,1.0
2020-12-01,421720,0.0,0.0,1.0,0.0,0.0,0.0,4.0,5.0,0.0,0.0,1.0,0.0,0.0,0.0,0.0,1.0
2020-12-01,421725,0.0,0.0,0.0,0.0,0.0,0.0,1.0,1.0,0.0,0.0,0.0,0.0,0.0,0.0,1.0,1.0
2020-12-01,421740,0.0,0.0,0.0,0.0,0.0,0.0,1.0,1.0,0.0,0.0,0.0,0.0,0.0,0.0,1.0,1.0
2020-12-01,421750,1.0,0.0,1.0,0.0,0.0,0.0,3.0,5.0,0.0,0.0,0.0,0.0,0.0,0.0,1.0,1.0
2020-12-01,421760,0.0,0.0,0.0,0.0,0.0,0.0,1.0,1.0,0.0,0.0,0.0,0.0,0.0,0.0,0.0,0.0
2020-12-01,421770,0.0,0.0,0.0,0.0,0.0,0.0,1.0,1.0,0.0,0.0,0.0,0.0,0.0,0.0,1.0,1.0
2020-12-01,421775,0.0,0.0,0.0,0.0,0.0,0.0,1.0,1.0,0.0,0.0,0.0,0.0,0.0,0.0,0.0,0.0
2020-12-01,421800,1.0,2.0,0.0,0.0,0.0,0.0,1.0,4.0,0.0,0.0,0.0,0.0,0.0,0.0,0.0,0.0
2020-12-01,421820,0.0,0.0,2.0,0.0,0.0,0.0,1.0,3.0,0.0,0.0,1.0,0.0,0.0,0.0,0.0,1.0
2020-12-01,421825,1.0,0.0,0.0,0.0,0.0,0.0,3.0,4.0,0.0,0.0,0.0,0.0,0.0,0.0,2.0,2.0
2020-12-01,421830,0.0,0.0,1.0,0.0,0.0,0.0,2.0,3.0,0.0,0.0,1.0,0.0,0.0,0.0,1.0,2.0
2020-12-01,421850,0.0,0.0,0.0,0.0,0.0,0.0,2.0,2.0,0.0,0.0,0.0,0.0,0.0,0.0,1.0,1.0
2020-12-01,421870,6.0,4.0,11.0,0.0,0.0,0.0,8.0,29.0,0.0,1.0,0.0,0.0,0.0,0.0,1.0,2.0
2020-12-01,421875,0.0,0.0,1.0,0.0,0.0,0.0,1.0,2.0,0.0,0.0,0.0,0.0,0.0,0.0,1.0,1.0
2020-12-01,421890,0.0,0.0,0.0,0.0,0.0,0.0,4.0,4.0,0.0,0.0,0.0,0.0,0.0,0.0,0.0,0.0
2020-12-01,421900,0.0,0.0,3.0,0.0,0.0,0.0,3.0,6.0,0.0,0.0,0.0,0.0,0.0,0.0,0.0,0.0
2020-12-01,421917,0.0,0.0,0.0,0.0,0.0,0.0,2.0,2.0,0.0,0.0,0.0,0.0,0.0,0.0,2.0,2.0
2020-12-01,421920,0.0,0.0,0.0,0.0,0.0,0.0,1.0,1.0,0.0,0.0,0.0,0.0,0.0,0.0,0.0,0.0
2020-12-01,421930,2.0,0.0,0.0,0.0,0.0,0.0,12.0,14.0,0.0,0.0,0.0,0.0,0.0,0.0,6.0,6.0
2020-12-01,421950,1.0,0.0,1.0,0.0,0.0,0.0,2.0,4.0,0.0,0.0,1.0,0.0,0.0,0.0,1.0,2.0
2020-12-01,421970,0.0,0.0,1.0,0.0,0.0,0.0,3.0,4.0,0.0,0.0,0.0,0.0,0.0,0.0,0.0,0.0
2020-12-01,422000,1.0,1.0,0.0,0.0,0.0,0.0,1.0,3.0,0.0,1.0,0.0,0.0,0.0,0.0,0.0,1.0
2020-12-01,430005,0.0,0.0,0.0,0.0,0.0,0.0,1.0,1.0,0.0,0.0,0.0,0.0,0.0,0.0,0.0,0.0
2020-12-01,430010,0.0,0.0,0.0,0.0,0.0,0.0,3.0,3.0,0.0,0.0,0.0,0.0,0.0,0.0,0.0,0.0
2020-12-01,430020,0.0,1.0,2.0,0.0,0.0,0.0,1.0,4.0,0.0,0.0,0.0,0.0,0.0,0.0,0.0,0.0
2020-12-01,430030,0.0,0.0,0.0,0.0,0.0,0.0,2.0,2.0,0.0,0.0,0.0,0.0,0.0,0.0,0.0,0.0
2020-12-01,430040,5.0,3.0,3.0,0.0,0.0,0.0,22.0,33.0,0.0,2.0,1.0,0.0,0.0,0.0,11.0,14.0
2020-12-01,430045,0.0,0.0,0.0,0.0,0.0,0.0,1.0,1.0,0.0,0.0,0.0,0.0,0.0,0.0,0.0,0.0
2020-12-01,430050,0.0,0.0,0.0,0.0,0.0,0.0,6.0,6.0,0.0,0.0,0.0,0.0,0.0,0.0,2.0,2.0
2020-12-01,430057,0.0,0.0,0.0,0.0,0.0,0.0,1.0,1.0,0.0,0.0,0.0,0.0,0.0,0.0,0.0,0.0
2020-12-01,430060,10.0,2.0,1.0,0.0,0.0,0.0,8.0,21.0,3.0,1.0,0.0,0.0,0.0,0.0,3.0,7.0
2020-12-01,430064,0.0,0.0,1.0,0.0,0.0,0.0,4.0,5.0,0.0,0.0,0.0,0.0,0.0,0.0,1.0,1.0
2020-12-01,430080,1.0,0.0,3.0,0.0,0.0,0.0,3.0,7.0,0.0,0.0,1.0,0.0,0.0,0.0,2.0,3.0
2020-12-01,430087,1.0,0.0,1.0,0.0,0.0,0.0,3.0,5.0,1.0,0.0,0.0,0.0,0.0,0.0,2.0,3.0
2020-12-01,430100,2.0,0.0,3.0,0.0,0.0,0.0,2.0,7.0,0.0,0.0,2.0,0.0,0.0,0.0,0.0,2.0
2020-12-01,430110,0.0,0.0,0.0,0.0,0.0,0.0,1.0,1.0,0.0,0.0,0.0,0.0,0.0,0.0,0.0,0.0
2020-12-01,430120,0.0,0.0,1.0,0.0,0.0,0.0,2.0,3.0,0.0,0.0,0.0,0.0,0.0,0.0,2.0,2.0
2020-12-01,430130,0.0,0.0,5.0,1.0,0.0,0.0,5.0,11.0,0.0,0.0,0.0,0.0,0.0,0.0,1.0,1.0
2020-12-01,430140,1.0,0.0,1.0,0.0,0.0,0.0,4.0,6.0,0.0,0.0,0.0,0.0,0.0,0.0,2.0,2.0
2020-12-01,430150,0.0,0.0,3.0,0.0,0.0,0.0,4.0,7.0,0.0,0.0,0.0,0.0,0.0,0.0,0.0,0.0
2020-12-01,430160,5.0,0.0,2.0,0.0,0.0,0.0,11.0,18.0,0.0,0.0,2.0,0.0,0.0,0.0,5.0,7.0
2020-12-01,430163,0.0,0.0,1.0,0.0,0.0,0.0,1.0,2.0,0.0,0.0,0.0,0.0,0.0,0.0,0.0,0.0
2020-12-01,430165,0.0,0.0,0.0,0.0,0.0,0.0,1.0,1.0,0.0,0.0,0.0,0.0,0.0,0.0,1.0,1.0
2020-12-01,430170,0.0,0.0,0.0,0.0,0.0,0.0,1.0,1.0,0.0,0.0,0.0,0.0,0.0,0.0,0.0,0.0
2020-12-01,430180,0.0,0.0,0.0,0.0,0.0,0.0,1.0,1.0,0.0,0.0,0.0,0.0,0.0,0.0,0.0,0.0
2020-12-01,430185,0.0,0.0,0.0,0.0,0.0,0.0,1.0,1.0,0.0,0.0,0.0,0.0,0.0,0.0,0.0,0.0
2020-12-01,430190,0.0,0.0,1.0,0.0,0.0,0.0,1.0,2.0,0.0,0.0,0.0,0.0,0.0,0.0,0.0,0.0
2020-12-01,430200,0.0,0.0,1.0,0.0,0.0,0.0,1.0,2.0,0.0,0.0,0.0,0.0,0.0,0.0,1.0,1.0
2020-12-01,430210,0.0,3.0,6.0,0.0,0.0,0.0,8.0,17.0,0.0,0.0,1.0,0.0,0.0,0.0,1.0,2.0
2020-12-01,430220,1.0,0.0,2.0,0.0,0.0,0.0,1.0,4.0,0.0,0.0,0.0,0.0,0.0,0.0,0.0,0.0
2020-12-01,430230,0.0,0.0,0.0,0.0,0.0,0.0,15.0,15.0,0.0,0.0,0.0,0.0,0.0,0.0,3.0,3.0
2020-12-01,430235,0.0,0.0,1.0,0.0,0.0,0.0,2.0,3.0,0.0,0.0,1.0,0.0,0.0,0.0,0.0,1.0
2020-12-01,430240,1.0,0.0,2.0,0.0,0.0,0.0,2.0,5.0,1.0,0.0,1.0,0.0,0.0,0.0,2.0,4.0
2020-12-01,430245,0.0,0.0,6.0,0.0,0.0,0.0,1.0,7.0,0.0,0.0,3.0,0.0,0.0,0.0,0.0,3.0
2020-12-01,430250,0.0,1.0,0.0,0.0,0.0,0.0,2.0,3.0,0.0,0.0,0.0,0.0,0.0,0.0,1.0,1.0
2020-12-01,430258,0.0,0.0,0.0,0.0,0.0,0.0,1.0,1.0,0.0,0.0,0.0,0.0,0.0,0.0,0.0,0.0
2020-12-01,430270,0.0,0.0,0.0,0.0,0.0,0.0,4.0,4.0,0.0,0.0,0.0,0.0,0.0,0.0,1.0,1.0
2020-12-01,430280,1.0,0.0,2.0,0.0,0.0,0.0,10.0,13.0,0.0,0.0,1.0,0.0,0.0,0.0,1.0,2.0
2020-12-01,430290,0.0,0.0,1.0,0.0,0.0,0.0,2.0,3.0,0.0,0.0,0.0,0.0,0.0,0.0,1.0,1.0
2020-12-01,430300,5.0,1.0,5.0,0.0,0.0,2.0,3.0,16.0,1.0,1.0,2.0,0.0,0.0,1.0,0.0,5.0
2020-12-01,430310,2.0,1.0,5.0,0.0,0.0,0.0,3.0,11.0,0.0,0.0,1.0,0.0,0.0,0.0,0.0,1.0
2020-12-01,430330,0.0,0.0,1.0,0.0,0.0,0.0,1.0,2.0,0.0,0.0,0.0,0.0,0.0,0.0,0.0,0.0
2020-12-01,430340,1.0,0.0,2.0,0.0,0.0,0.0,5.0,8.0,0.0,0.0,0.0,0.0,0.0,0.0,2.0,2.0
2020-12-01,430350,4.0,0.0,6.0,0.0,0.0,0.0,3.0,13.0,1.0,0.0,2.0,0.0,0.0,0.0,1.0,4.0
2020-12-01,430360,1.0,0.0,0.0,0.0,0.0,0.0,1.0,2.0,1.0,0.0,0.0,0.0,0.0,0.0,0.0,1.0
2020-12-01,430370,0.0,0.0,0.0,0.0,0.0,0.0,4.0,4.0,0.0,0.0,0.0,0.0,0.0,0.0,0.0,0.0
2020-12-01,430390,1.0,0.0,0.0,0.0,0.0,0.0,13.0,14.0,1.0,0.0,0.0,0.0,0.0,0.0,3.0,4.0
2020-12-01,430410,0.0,0.0,0.0,0.0,0.0,0.0,1.0,1.0,0.0,0.0,0.0,0.0,0.0,0.0,0.0,0.0
2020-12-01,430420,0.0,0.0,7.0,0.0,0.0,0.0,3.0,10.0,0.0,0.0,2.0,0.0,0.0,0.0,1.0,3.0
2020-12-01,430440,0.0,0.0,10.0,0.0,0.0,0.0,5.0,15.0,0.0,0.0,5.0,0.0,0.0,0.0,2.0,7.0
2020-12-01,430450,1.0,0.0,7.0,0.0,0.0,0.0,6.0,14.0,0.0,0.0,1.0,0.0,0.0,0.0,1.0,2.0
2020-12-01,430460,3.0,0.0,6.0,0.0,0.0,0.0,8.0,17.0,2.0,0.0,5.0,0.0,0.0,0.0,3.0,10.0
2020-12-01,430462,0.0,0.0,0.0,0.0,0.0,0.0,1.0,1.0,0.0,0.0,0.0,0.0,0.0,0.0,1.0,1.0
2020-12-01,430463,0.0,0.0,1.0,0.0,0.0,0.0,1.0,2.0,0.0,0.0,1.0,0.0,0.0,0.0,0.0,1.0
2020-12-01,430466,1.0,0.0,1.0,0.0,0.0,0.0,1.0,3.0,0.0,0.0,0.0,0.0,0.0,0.0,0.0,0.0
2020-12-01,430468,0.0,1.0,1.0,0.0,0.0,0.0,2.0,4.0,0.0,0.0,0.0,0.0,0.0,0.0,0.0,0.0
2020-12-01,430470,1.0,2.0,3.0,0.0,0.0,0.0,6.0,12.0,0.0,2.0,0.0,0.0,0.0,0.0,2.0,4.0
2020-12-01,430480,1.0,0.0,2.0,0.0,0.0,0.0,5.0,8.0,1.0,0.0,1.0,0.0,0.0,0.0,0.0,2.0
2020-12-01,430485,0.0,0.0,0.0,0.0,0.0,0.0,1.0,1.0,0.0,0.0,0.0,0.0,0.0,0.0,0.0,0.0
2020-12-01,430490,0.0,0.0,3.0,0.0,0.0,0.0,1.0,4.0,0.0,0.0,1.0,0.0,0.0,0.0,0.0,1.0
2020-12-01,430500,0.0,0.0,0.0,0.0,0.0,0.0,4.0,4.0,0.0,0.0,0.0,0.0,0.0,0.0,1.0,1.0
2020-12-01,430510,19.0,10.0,22.0,0.0,0.0,0.0,68.0,119.0,6.0,0.0,11.0,0.0,0.0,0.0,7.0,24.0
2020-12-01,430511,0.0,0.0,0.0,0.0,0.0,0.0,1.0,1.0,0.0,0.0,0.0,0.0,0.0,0.0,0.0,0.0
2020-12-01,430520,1.0,1.0,0.0,0.0,0.0,0.0,5.0,7.0,1.0,0.0,0.0,0.0,0.0,0.0,2.0,3.0
2020-12-01,430530,0.0,0.0,0.0,0.0,0.0,0.0,1.0,1.0,0.0,0.0,0.0,0.0,0.0,0.0,0.0,0.0
2020-12-01,430535,2.0,0.0,3.0,0.0,0.0,0.0,2.0,7.0,2.0,0.0,1.0,0.0,0.0,0.0,0.0,3.0
2020-12-01,430540,0.0,0.0,0.0,0.0,0.0,0.0,1.0,1.0,0.0,0.0,0.0,0.0,0.0,0.0,0.0,0.0
2020-12-01,430550,0.0,0.0,0.0,0.0,0.0,0.0,1.0,1.0,0.0,0.0,0.0,0.0,0.0,0.0,0.0,0.0
2020-12-01,430560,0.0,0.0,0.0,0.0,0.0,0.0,1.0,1.0,0.0,0.0,0.0,0.0,0.0,0.0,1.0,1.0
2020-12-01,430580,1.0,0.0,0.0,0.0,0.0,0.0,3.0,4.0,0.0,0.0,0.0,0.0,0.0,0.0,0.0,0.0
2020-12-01,430585,0.0,0.0,0.0,0.0,0.0,0.0,2.0,2.0,0.0,0.0,0.0,0.0,0.0,0.0,0.0,0.0
2020-12-01,430587,0.0,0.0,0.0,0.0,0.0,0.0,1.0,1.0,0.0,0.0,0.0,0.0,0.0,0.0,0.0,0.0
2020-12-01,430590,0.0,0.0,0.0,0.0,0.0,0.0,2.0,2.0,0.0,0.0,0.0,0.0,0.0,0.0,1.0,1.0
2020-12-01,430595,0.0,0.0,1.0,0.0,0.0,0.0,1.0,2.0,0.0,0.0,1.0,0.0,0.0,0.0,0.0,1.0
2020-12-01,430597,0.0,0.0,1.0,0.0,0.0,0.0,2.0,3.0,0.0,0.0,0.0,0.0,0.0,0.0,0.0,0.0
2020-12-01,430600,0.0,0.0,2.0,0.0,0.0,0.0,1.0,3.0,0.0,0.0,1.0,0.0,0.0,0.0,0.0,1.0
2020-12-01,430605,0.0,0.0,0.0,0.0,0.0,0.0,2.0,2.0,0.0,0.0,0.0,0.0,0.0,0.0,2.0,2.0
2020-12-01,430610,0.0,0.0,0.0,0.0,0.0,0.0,4.0,4.0,0.0,0.0,0.0,0.0,0.0,0.0,1.0,1.0
2020-12-01,430620,0.0,0.0,2.0,0.0,0.0,0.0,2.0,4.0,0.0,0.0,1.0,0.0,0.0,0.0,0.0,1.0
2020-12-01,430640,0.0,0.0,0.0,0.0,0.0,0.0,1.0,1.0,0.0,0.0,0.0,0.0,0.0,0.0,0.0,0.0
2020-12-01,430642,0.0,0.0,0.0,0.0,0.0,0.0,1.0,1.0,0.0,0.0,0.0,0.0,0.0,0.0,0.0,0.0
2020-12-01,430650,0.0,0.0,1.0,0.0,0.0,0.0,1.0,2.0,0.0,0.0,0.0,0.0,0.0,0.0,0.0,0.0
2020-12-01,430660,1.0,0.0,12.0,0.0,0.0,0.0,4.0,17.0,0.0,0.0,6.0,0.0,0.0,0.0,1.0,7.0
2020-12-01,430673,1.0,0.0,0.0,0.0,0.0,0.0,2.0,3.0,0.0,0.0,0.0,0.0,0.0,0.0,1.0,1.0
2020-12-01,430676,3.0,0.0,1.0,0.0,0.0,0.0,4.0,8.0,0.0,0.0,0.0,0.0,0.0,0.0,1.0,1.0
2020-12-01,430680,2.0,0.0,4.0,0.0,0.0,0.0,5.0,11.0,0.0,0.0,1.0,0.0,0.0,0.0,3.0,4.0
2020-12-01,430692,0.0,0.0,0.0,0.0,0.0,0.0,1.0,1.0,0.0,0.0,0.0,0.0,0.0,0.0,0.0,0.0
2020-12-01,430693,0.0,0.0,0.0,0.0,0.0,0.0,1.0,1.0,0.0,0.0,0.0,0.0,0.0,0.0,0.0,0.0
2020-12-01,430697,0.0,0.0,1.0,0.0,0.0,0.0,1.0,2.0,0.0,0.0,0.0,0.0,0.0,0.0,1.0,1.0
2020-12-01,430700,3.0,0.0,1.0,0.0,0.0,0.0,13.0,17.0,1.0,0.0,0.0,0.0,0.0,0.0,8.0,9.0
2020-12-01,430705,0.0,0.0,0.0,0.0,0.0,0.0,1.0,1.0,0.0,0.0,0.0,0.0,0.0,0.0,0.0,0.0
2020-12-01,430720,0.0,0.0,0.0,0.0,0.0,0.0,2.0,2.0,0.0,0.0,0.0,0.0,0.0,0.0,1.0,1.0
2020-12-01,430730,0.0,0.0,0.0,0.0,0.0,0.0,1.0,1.0,0.0,0.0,0.0,0.0,0.0,0.0,0.0,0.0
2020-12-01,430745,0.0,0.0,2.0,0.0,0.0,0.0,3.0,5.0,0.0,0.0,0.0,0.0,0.0,0.0,0.0,0.0
2020-12-01,430750,0.0,0.0,0.0,0.0,0.0,0.0,2.0,2.0,0.0,0.0,0.0,0.0,0.0,0.0,1.0,1.0
2020-12-01,430755,0.0,0.0,0.0,0.0,0.0,0.0,3.0,3.0,0.0,0.0,0.0,0.0,0.0,0.0,2.0,2.0
2020-12-01,430760,0.0,1.0,0.0,0.0,0.0,0.0,6.0,7.0,0.0,0.0,0.0,0.0,0.0,0.0,2.0,2.0
2020-12-01,430770,3.0,3.0,9.0,0.0,0.0,0.0,6.0,21.0,2.0,0.0,2.0,0.0,0.0,0.0,1.0,5.0
2020-12-01,430780,0.0,0.0,5.0,0.0,0.0,0.0,6.0,11.0,0.0,0.0,1.0,0.0,0.0,0.0,1.0,2.0
2020-12-01,430786,0.0,0.0,0.0,0.0,0.0,0.0,2.0,2.0,0.0,0.0,0.0,0.0,0.0,0.0,0.0,0.0
2020-12-01,430790,5.0,1.0,4.0,0.0,0.0,1.0,7.0,18.0,0.0,1.0,1.0,0.0,0.0,0.0,0.0,2.0
2020-12-01,430800,0.0,0.0,1.0,0.0,0.0,0.0,1.0,2.0,0.0,0.0,0.0,0.0,0.0,0.0,0.0,0.0
2020-12-01,430807,1.0,0.0,2.0,0.0,0.0,0.0,2.0,5.0,1.0,0.0,2.0,0.0,0.0,0.0,1.0,4.0
2020-12-01,430810,0.0,0.0,3.0,0.0,0.0,0.0,2.0,5.0,0.0,0.0,0.0,0.0,0.0,0.0,2.0,2.0
2020-12-01,430820,0.0,0.0,2.0,0.0,0.0,0.0,6.0,8.0,0.0,0.0,0.0,0.0,0.0,0.0,2.0,2.0
2020-12-01,430825,0.0,0.0,1.0,0.0,0.0,0.0,2.0,3.0,0.0,0.0,0.0,0.0,0.0,0.0,0.0,0.0
2020-12-01,430830,1.0,0.0,0.0,0.0,0.0,0.0,2.0,3.0,1.0,0.0,0.0,0.0,0.0,0.0,0.0,1.0
2020-12-01,430850,1.0,1.0,2.0,0.0,0.0,0.0,8.0,12.0,0.0,0.0,0.0,0.0,0.0,0.0,3.0,3.0
2020-12-01,430860,0.0,0.0,5.0,0.0,0.0,0.0,3.0,8.0,0.0,0.0,2.0,0.0,0.0,0.0,0.0,2.0
2020-12-01,430870,0.0,0.0,0.0,0.0,0.0,0.0,2.0,2.0,0.0,0.0,0.0,0.0,0.0,0.0,1.0,1.0
2020-12-01,430880,0.0,0.0,0.0,0.0,0.0,0.0,1.0,1.0,0.0,0.0,0.0,0.0,0.0,0.0,0.0,0.0
2020-12-01,430890,1.0,0.0,0.0,0.0,0.0,0.0,3.0,4.0,0.0,0.0,0.0,0.0,0.0,0.0,2.0,2.0
2020-12-01,430900,0.0,0.0,1.0,0.0,0.0,0.0,1.0,2.0,0.0,0.0,0.0,0.0,0.0,0.0,0.0,0.0
2020-12-01,430905,0.0,0.0,0.0,0.0,0.0,0.0,1.0,1.0,0.0,0.0,0.0,0.0,0.0,0.0,0.0,0.0
2020-12-01,430910,0.0,0.0,0.0,0.0,0.0,0.0,5.0,5.0,0.0,0.0,0.0,0.0,0.0,0.0,1.0,1.0
2020-12-01,430920,5.0,3.0,9.0,0.0,0.0,0.0,1.0,18.0,0.0,0.0,4.0,0.0,0.0,0.0,0.0,4.0
2020-12-01,430930,3.0,1.0,2.0,0.0,0.0,0.0,7.0,13.0,1.0,1.0,1.0,0.0,0.0,0.0,1.0,4.0
2020-12-01,430940,0.0,1.0,1.0,0.0,0.0,0.0,1.0,3.0,0.0,0.0,0.0,0.0,0.0,0.0,1.0,1.0
2020-12-01,430950,0.0,0.0,0.0,0.0,0.0,0.0,4.0,4.0,0.0,0.0,0.0,0.0,0.0,0.0,0.0,0.0
2020-12-01,430955,0.0,0.0,0.0,0.0,0.0,0.0,1.0,1.0,0.0,0.0,0.0,0.0,0.0,0.0,0.0,0.0
2020-12-01,430957,0.0,0.0,0.0,0.0,0.0,0.0,1.0,1.0,0.0,0.0,0.0,0.0,0.0,0.0,0.0,0.0
2020-12-01,430970,0.0,0.0,1.0,0.0,0.0,0.0,1.0,2.0,0.0,0.0,0.0,0.0,0.0,0.0,0.0,0.0
2020-12-01,431000,0.0,0.0,0.0,0.0,0.0,0.0,3.0,3.0,0.0,0.0,0.0,0.0,0.0,0.0,1.0,1.0
2020-12-01,431010,1.0,0.0,5.0,0.0,0.0,0.0,4.0,10.0,0.0,0.0,2.0,0.0,0.0,0.0,0.0,2.0
2020-12-01,431020,4.0,0.0,30.0,0.0,0.0,0.0,22.0,56.0,2.0,0.0,14.0,0.0,0.0,0.0,9.0,25.0
2020-12-01,431030,0.0,0.0,0.0,0.0,0.0,0.0,1.0,1.0,0.0,0.0,0.0,0.0,0.0,0.0,0.0,0.0
2020-12-01,431033,0.0,0.0,0.0,0.0,0.0,0.0,3.0,3.0,0.0,0.0,0.0,0.0,0.0,0.0,1.0,1.0
2020-12-01,431043,0.0,0.0,1.0,0.0,0.0,0.0,3.0,4.0,0.0,0.0,1.0,0.0,0.0,0.0,1.0,2.0
2020-12-01,431046,0.0,0.0,0.0,0.0,0.0,0.0,1.0,1.0,0.0,0.0,0.0,0.0,0.0,0.0,0.0,0.0
2020-12-01,431060,1.0,2.0,4.0,0.0,0.0,0.0,7.0,14.0,1.0,1.0,0.0,0.0,0.0,0.0,1.0,3.0
2020-12-01,431070,0.0,0.0,0.0,0.0,0.0,0.0,2.0,2.0,0.0,0.0,0.0,0.0,0.0,0.0,1.0,1.0
2020-12-01,431080,0.0,0.0,0.0,0.0,0.0,0.0,3.0,3.0,0.0,0.0,0.0,0.0,0.0,0.0,0.0,0.0
2020-12-01,431085,0.0,0.0,2.0,0.0,0.0,0.0,2.0,4.0,0.0,0.0,1.0,0.0,0.0,0.0,1.0,2.0
2020-12-01,431100,1.0,0.0,1.0,0.0,0.0,0.0,8.0,10.0,1.0,0.0,0.0,0.0,0.0,0.0,2.0,3.0
2020-12-01,431110,1.0,0.0,2.0,0.0,0.0,0.0,2.0,5.0,0.0,0.0,0.0,0.0,0.0,0.0,2.0,2.0
2020-12-01,431115,0.0,0.0,2.0,0.0,0.0,0.0,2.0,4.0,0.0,0.0,1.0,0.0,0.0,0.0,1.0,2.0
2020-12-01,431120,0.0,2.0,0.0,0.0,0.0,0.0,10.0,12.0,0.0,0.0,0.0,0.0,0.0,0.0,3.0,3.0
2020-12-01,431130,1.0,0.0,2.0,0.0,0.0,0.0,11.0,14.0,0.0,0.0,1.0,0.0,0.0,0.0,6.0,7.0
2020-12-01,431140,1.0,0.0,9.0,0.0,0.0,0.0,7.0,17.0,1.0,0.0,3.0,0.0,0.0,0.0,2.0,6.0
2020-12-01,431160,0.0,0.0,1.0,0.0,0.0,0.0,1.0,2.0,0.0,0.0,0.0,0.0,0.0,0.0,0.0,0.0
2020-12-01,431170,1.0,0.0,0.0,0.0,0.0,0.0,1.0,2.0,0.0,0.0,0.0,0.0,0.0,0.0,1.0,1.0
2020-12-01,431171,0.0,0.0,0.0,0.0,0.0,0.0,1.0,1.0,0.0,0.0,0.0,0.0,0.0,0.0,0.0,0.0
2020-12-01,431173,0.0,0.0,0.0,0.0,0.0,0.0,1.0,1.0,0.0,0.0,0.0,0.0,0.0,0.0,0.0,0.0
2020-12-01,431177,0.0,0.0,0.0,0.0,0.0,0.0,4.0,4.0,0.0,0.0,0.0,0.0,0.0,0.0,0.0,0.0
2020-12-01,431179,0.0,0.0,0.0,0.0,0.0,0.0,1.0,1.0,0.0,0.0,0.0,0.0,0.0,0.0,1.0,1.0
2020-12-01,431180,1.0,0.0,2.0,0.0,0.0,0.0,11.0,14.0,0.0,0.0,1.0,0.0,0.0,0.0,3.0,4.0
2020-12-01,431190,0.0,0.0,0.0,0.0,0.0,0.0,2.0,2.0,0.0,0.0,0.0,0.0,0.0,0.0,0.0,0.0
2020-12-01,431200,0.0,0.0,0.0,0.0,0.0,0.0,1.0,1.0,0.0,0.0,0.0,0.0,0.0,0.0,0.0,0.0
2020-12-01,431217,0.0,0.0,0.0,0.0,0.0,0.0,2.0,2.0,0.0,0.0,0.0,0.0,0.0,0.0,0.0,0.0
2020-12-01,431240,1.0,2.0,1.0,0.0,0.0,0.0,8.0,12.0,1.0,0.0,0.0,0.0,0.0,0.0,3.0,4.0
2020-12-01,431265,1.0,0.0,0.0,0.0,0.0,0.0,3.0,4.0,0.0,0.0,0.0,0.0,0.0,0.0,1.0,1.0
2020-12-01,431267,0.0,0.0,0.0,0.0,0.0,0.0,1.0,1.0,0.0,0.0,0.0,0.0,0.0,0.0,1.0,1.0
2020-12-01,431270,0.0,0.0,1.0,0.0,0.0,1.0,4.0,6.0,0.0,0.0,1.0,0.0,0.0,0.0,3.0,4.0
2020-12-01,431300,0.0,0.0,0.0,0.0,0.0,0.0,1.0,1.0,0.0,0.0,0.0,0.0,0.0,0.0,0.0,0.0
2020-12-01,431306,0.0,0.0,2.0,0.0,0.0,0.0,2.0,4.0,0.0,0.0,2.0,0.0,0.0,0.0,1.0,3.0
2020-12-01,431320,2.0,0.0,0.0,0.0,0.0,0.0,1.0,3.0,0.0,0.0,0.0,0.0,0.0,0.0,0.0,0.0
2020-12-01,431330,0.0,0.0,0.0,0.0,0.0,0.0,5.0,5.0,0.0,0.0,0.0,0.0,0.0,0.0,3.0,3.0
2020-12-01,431333,0.0,0.0,0.0,0.0,0.0,0.0,1.0,1.0,0.0,0.0,0.0,0.0,0.0,0.0,0.0,0.0
2020-12-01,431337,0.0,0.0,0.0,0.0,0.0,0.0,1.0,1.0,0.0,0.0,0.0,0.0,0.0,0.0,0.0,0.0
2020-12-01,431340,15.0,1.0,5.0,0.0,0.0,0.0,17.0,38.0,6.0,1.0,2.0,0.0,0.0,0.0,6.0,15.0
2020-12-01,431342,0.0,0.0,0.0,0.0,0.0,0.0,1.0,1.0,0.0,0.0,0.0,0.0,0.0,0.0,0.0,0.0
2020-12-01,431350,0.0,0.0,4.0,0.0,0.0,0.0,3.0,7.0,0.0,0.0,1.0,0.0,0.0,0.0,1.0,2.0
2020-12-01,431360,0.0,0.0,0.0,0.0,0.0,0.0,1.0,1.0,0.0,0.0,0.0,0.0,0.0,0.0,0.0,0.0
2020-12-01,431365,0.0,0.0,0.0,0.0,0.0,0.0,3.0,3.0,0.0,0.0,0.0,0.0,0.0,0.0,1.0,1.0
2020-12-01,431370,2.0,0.0,2.0,0.0,0.0,0.0,11.0,15.0,0.0,0.0,1.0,0.0,0.0,0.0,5.0,6.0
2020-12-01,431390,0.0,0.0,5.0,0.0,0.0,0.0,5.0,10.0,0.0,0.0,0.0,0.0,0.0,0.0,2.0,2.0
2020-12-01,431395,0.0,0.0,0.0,0.0,0.0,0.0,1.0,1.0,0.0,0.0,0.0,0.0,0.0,0.0,0.0,0.0
2020-12-01,431405,4.0,0.0,4.0,1.0,0.0,0.0,2.0,11.0,2.0,0.0,1.0,1.0,0.0,0.0,0.0,4.0
2020-12-01,431407,0.0,0.0,0.0,0.0,0.0,0.0,1.0,1.0,0.0,0.0,0.0,0.0,0.0,0.0,0.0,0.0
2020-12-01,431410,6.0,1.0,7.0,0.0,0.0,0.0,31.0,45.0,1.0,0.0,0.0,0.0,0.0,0.0,8.0,9.0
2020-12-01,431415,0.0,0.0,0.0,0.0,0.0,0.0,1.0,1.0,0.0,0.0,0.0,0.0,0.0,0.0,0.0,0.0
2020-12-01,431420,0.0,0.0,10.0,0.0,0.0,0.0,5.0,15.0,0.0,0.0,3.0,0.0,0.0,0.0,0.0,3.0
2020-12-01,431430,0.0,0.0,0.0,0.0,0.0,0.0,1.0,1.0,0.0,0.0,0.0,0.0,0.0,0.0,0.0,0.0
2020-12-01,431440,36.0,8.0,14.0,0.0,0.0,0.0,50.0,108.0,9.0,4.0,5.0,0.0,0.0,0.0,14.0,32.0
2020-12-01,431449,1.0,0.0,1.0,0.0,0.0,0.0,1.0,3.0,0.0,0.0,0.0,0.0,0.0,0.0,1.0,1.0
2020-12-01,431455,0.0,0.0,0.0,0.0,0.0,0.0,1.0,1.0,0.0,0.0,0.0,0.0,0.0,0.0,0.0,0.0
2020-12-01,431460,1.0,1.0,4.0,0.0,0.0,0.0,5.0,11.0,0.0,0.0,1.0,0.0,0.0,0.0,0.0,1.0
2020-12-01,431470,0.0,0.0,1.0,0.0,0.0,0.0,4.0,5.0,0.0,0.0,0.0,0.0,0.0,0.0,0.0,0.0
2020-12-01,431477,0.0,0.0,0.0,0.0,0.0,0.0,1.0,1.0,0.0,0.0,0.0,0.0,0.0,0.0,0.0,0.0
2020-12-01,431480,2.0,0.0,8.0,0.0,0.0,0.0,2.0,12.0,1.0,0.0,1.0,0.0,0.0,0.0,1.0,3.0
2020-12-01,431490,55.0,12.0,40.0,2.0,1.0,0.0,161.0,271.0,9.0,4.0,20.0,0.0,0.0,0.0,50.0,83.0
2020-12-01,431510,0.0,0.0,0.0,0.0,0.0,0.0,1.0,1.0,0.0,0.0,0.0,0.0,0.0,0.0,1.0,1.0
2020-12-01,431517,0.0,0.0,0.0,0.0,0.0,0.0,3.0,3.0,0.0,0.0,0.0,0.0,0.0,0.0,0.0,0.0
2020-12-01,431531,0.0,0.0,0.0,0.0,0.0,0.0,1.0,1.0,0.0,0.0,0.0,0.0,0.0,0.0,0.0,0.0
2020-12-01,431535,0.0,0.0,0.0,0.0,0.0,0.0,2.0,2.0,0.0,0.0,0.0,0.0,0.0,0.0,0.0,0.0
2020-12-01,431540,0.0,0.0,0.0,0.0,0.0,0.0,2.0,2.0,0.0,0.0,0.0,0.0,0.0,0.0,0.0,0.0
2020-12-01,431545,0.0,0.0,0.0,0.0,0.0,0.0,1.0,1.0,0.0,0.0,0.0,0.0,0.0,0.0,0.0,0.0
2020-12-01,431550,0.0,0.0,0.0,0.0,0.0,0.0,1.0,1.0,0.0,0.0,0.0,0.0,0.0,0.0,0.0,0.0
2020-12-01,431555,1.0,1.0,0.0,0.0,0.0,0.0,1.0,3.0,0.0,0.0,0.0,0.0,0.0,0.0,0.0,0.0
2020-12-01,431560,20.0,1.0,21.0,3.0,0.0,0.0,35.0,80.0,4.0,1.0,4.0,0.0,0.0,0.0,12.0,21.0
2020-12-01,431570,0.0,0.0,1.0,0.0,0.0,0.0,5.0,6.0,0.0,0.0,0.0,0.0,0.0,0.0,1.0,1.0
2020-12-01,431580,0.0,0.0,1.0,0.0,0.0,0.0,5.0,6.0,0.0,0.0,0.0,0.0,0.0,0.0,1.0,1.0
2020-12-01,431595,0.0,1.0,0.0,0.0,0.0,0.0,1.0,2.0,0.0,0.0,0.0,0.0,0.0,0.0,0.0,0.0
2020-12-01,431610,1.0,0.0,1.0,0.0,0.0,0.0,6.0,8.0,0.0,0.0,0.0,0.0,0.0,0.0,1.0,1.0
2020-12-01,431640,2.0,4.0,0.0,0.0,0.0,0.0,5.0,11.0,0.0,2.0,0.0,0.0,0.0,0.0,1.0,3.0
2020-12-01,431642,0.0,0.0,0.0,0.0,0.0,0.0,2.0,2.0,0.0,0.0,0.0,0.0,0.0,0.0,0.0,0.0
2020-12-01,431645,0.0,0.0,0.0,0.0,0.0,0.0,9.0,9.0,0.0,0.0,0.0,0.0,0.0,0.0,4.0,4.0
2020-12-01,431660,0.0,0.0,0.0,0.0,0.0,0.0,5.0,5.0,0.0,0.0,0.0,0.0,0.0,0.0,0.0,0.0
2020-12-01,431670,0.0,0.0,2.0,0.0,0.0,0.0,3.0,5.0,0.0,0.0,1.0,0.0,0.0,0.0,1.0,2.0
2020-12-01,431680,0.0,0.0,9.0,0.0,0.0,0.0,13.0,22.0,0.0,0.0,1.0,0.0,0.0,0.0,1.0,2.0
2020-12-01,431690,2.0,8.0,1.0,0.0,0.0,0.0,20.0,31.0,0.0,2.0,1.0,0.0,0.0,0.0,8.0,11.0
2020-12-01,431710,1.0,6.0,3.0,0.0,0.0,0.0,15.0,25.0,0.0,3.0,0.0,0.0,0.0,0.0,3.0,6.0
2020-12-01,431720,6.0,2.0,0.0,0.0,0.0,0.0,8.0,16.0,3.0,0.0,0.0,0.0,0.0,0.0,0.0,3.0
2020-12-01,431730,2.0,0.0,3.0,0.0,0.0,0.0,2.0,7.0,1.0,0.0,1.0,0.0,0.0,0.0,1.0,3.0
2020-12-01,431740,1.0,2.0,0.0,0.0,0.0,0.0,1.0,4.0,0.0,0.0,0.0,0.0,0.0,0.0,0.0,0.0
2020-12-01,431750,1.0,3.0,5.0,0.0,0.0,0.0,16.0,25.0,0.0,1.0,0.0,0.0,0.0,0.0,12.0,13.0
2020-12-01,431760,2.0,1.0,2.0,0.0,0.0,0.0,4.0,9.0,0.0,0.0,2.0,0.0,0.0,0.0,2.0,4.0
2020-12-01,431770,1.0,2.0,0.0,0.0,0.0,0.0,1.0,4.0,0.0,1.0,0.0,0.0,0.0,0.0,1.0,2.0
2020-12-01,431780,0.0,0.0,2.0,0.0,0.0,0.0,6.0,8.0,0.0,0.0,0.0,0.0,0.0,0.0,2.0,2.0
2020-12-01,431790,0.0,1.0,1.0,0.0,0.0,0.0,1.0,3.0,0.0,0.0,0.0,0.0,0.0,0.0,0.0,0.0
2020-12-01,431800,5.0,0.0,2.0,0.0,0.0,0.0,15.0,22.0,2.0,0.0,1.0,0.0,0.0,0.0,7.0,10.0
2020-12-01,431810,2.0,0.0,1.0,0.0,0.0,0.0,3.0,6.0,1.0,0.0,0.0,0.0,0.0,0.0,0.0,1.0
2020-12-01,431820,0.0,0.0,0.0,0.0,0.0,0.0,3.0,3.0,0.0,0.0,0.0,0.0,0.0,0.0,0.0,0.0
2020-12-01,431830,1.0,0.0,1.0,0.0,0.0,0.0,20.0,22.0,0.0,0.0,0.0,0.0,0.0,0.0,5.0,5.0
2020-12-01,431840,2.0,1.0,3.0,0.0,0.0,0.0,4.0,10.0,0.0,0.0,0.0,0.0,0.0,0.0,0.0,0.0
2020-12-01,431845,0.0,0.0,0.0,0.0,0.0,0.0,2.0,2.0,0.0,0.0,0.0,0.0,0.0,0.0,0.0,0.0
2020-12-01,431850,1.0,0.0,10.0,2.0,0.0,0.0,7.0,20.0,0.0,0.0,2.0,1.0,0.0,0.0,1.0,4.0
2020-12-01,431860,0.0,0.0,0.0,0.0,0.0,0.0,2.0,2.0,0.0,0.0,0.0,0.0,0.0,0.0,0.0,0.0
2020-12-01,431861,0.0,0.0,1.0,0.0,0.0,0.0,1.0,2.0,0.0,0.0,0.0,0.0,0.0,0.0,0.0,0.0
2020-12-01,431870,2.0,1.0,0.0,0.0,0.0,0.0,7.0,10.0,1.0,1.0,0.0,0.0,0.0,0.0,3.0,5.0
2020-12-01,431880,0.0,0.0,2.0,1.0,0.0,0.0,13.0,16.0,0.0,0.0,0.0,0.0,0.0,0.0,0.0,0.0
2020-12-01,431890,0.0,2.0,1.0,0.0,0.0,0.0,7.0,10.0,0.0,2.0,0.0,0.0,0.0,0.0,1.0,3.0
2020-12-01,431900,1.0,0.0,0.0,0.0,0.0,0.0,1.0,2.0,0.0,0.0,0.0,0.0,0.0,0.0,0.0,0.0
2020-12-01,431910,1.0,0.0,1.0,0.0,0.0,0.0,1.0,3.0,0.0,0.0,0.0,0.0,0.0,0.0,0.0,0.0
2020-12-01,431936,0.0,0.0,0.0,0.0,0.0,0.0,1.0,1.0,0.0,0.0,0.0,0.0,0.0,0.0,0.0,0.0
2020-12-01,431940,0.0,0.0,2.0,0.0,0.0,0.0,1.0,3.0,0.0,0.0,0.0,0.0,0.0,0.0,0.0,0.0
2020-12-01,431950,0.0,2.0,4.0,0.0,0.0,0.0,5.0,11.0,0.0,0.0,2.0,0.0,0.0,0.0,1.0,3.0
2020-12-01,431960,1.0,1.0,4.0,0.0,0.0,0.0,5.0,11.0,1.0,0.0,2.0,0.0,0.0,0.0,0.0,3.0
2020-12-01,431971,0.0,0.0,0.0,0.0,0.0,0.0,1.0,1.0,0.0,0.0,0.0,0.0,0.0,0.0,0.0,0.0
2020-12-01,431980,0.0,0.0,0.0,0.0,0.0,0.0,1.0,1.0,0.0,0.0,0.0,0.0,0.0,0.0,0.0,0.0
2020-12-01,431990,1.0,1.0,11.0,0.0,0.0,0.0,7.0,20.0,0.0,1.0,3.0,0.0,0.0,0.0,2.0,6.0
2020-12-01,432000,9.0,0.0,4.0,0.0,0.0,0.0,4.0,17.0,3.0,0.0,1.0,0.0,0.0,0.0,2.0,6.0
2020-12-01,432010,3.0,0.0,2.0,0.0,0.0,0.0,7.0,12.0,2.0,0.0,1.0,0.0,0.0,0.0,3.0,6.0
2020-12-01,432020,0.0,0.0,3.0,0.0,0.0,0.0,4.0,7.0,0.0,0.0,0.0,0.0,0.0,0.0,0.0,0.0
2020-12-01,432026,0.0,0.0,1.0,0.0,0.0,0.0,2.0,3.0,0.0,0.0,0.0,0.0,0.0,0.0,0.0,0.0
2020-12-01,432032,0.0,0.0,1.0,0.0,0.0,0.0,1.0,2.0,0.0,0.0,0.0,0.0,0.0,0.0,0.0,0.0
2020-12-01,432040,0.0,0.0,0.0,0.0,0.0,0.0,2.0,2.0,0.0,0.0,0.0,0.0,0.0,0.0,1.0,1.0
2020-12-01,432050,0.0,0.0,2.0,0.0,0.0,0.0,8.0,10.0,0.0,0.0,0.0,0.0,0.0,0.0,1.0,1.0
2020-12-01,432060,0.0,0.0,0.0,0.0,0.0,0.0,1.0,1.0,0.0,0.0,0.0,0.0,0.0,0.0,0.0,0.0
2020-12-01,432067,0.0,0.0,1.0,0.0,0.0,0.0,1.0,2.0,0.0,0.0,0.0,0.0,0.0,0.0,0.0,0.0
2020-12-01,432070,1.0,0.0,2.0,0.0,0.0,0.0,3.0,6.0,1.0,0.0,1.0,0.0,0.0,0.0,0.0,2.0
2020-12-01,432080,0.0,1.0,4.0,0.0,0.0,0.0,11.0,16.0,0.0,0.0,0.0,0.0,0.0,0.0,3.0,3.0
2020-12-01,432090,0.0,0.0,1.0,0.0,0.0,0.0,7.0,8.0,0.0,0.0,0.0,0.0,0.0,0.0,3.0,3.0
2020-12-01,432100,0.0,0.0,0.0,0.0,0.0,0.0,1.0,1.0,0.0,0.0,0.0,0.0,0.0,0.0,1.0,1.0
2020-12-01,432110,0.0,1.0,2.0,0.0,0.0,0.0,4.0,7.0,0.0,0.0,0.0,0.0,0.0,0.0,1.0,1.0
2020-12-01,432120,0.0,2.0,6.0,1.0,0.0,0.0,5.0,14.0,0.0,1.0,4.0,0.0,0.0,0.0,2.0,7.0
2020-12-01,432130,2.0,2.0,4.0,0.0,0.0,0.0,5.0,13.0,0.0,0.0,0.0,0.0,0.0,0.0,0.0,0.0
2020-12-01,432140,1.0,0.0,3.0,0.0,0.0,0.0,3.0,7.0,0.0,0.0,3.0,0.0,0.0,0.0,0.0,3.0
2020-12-01,432145,0.0,0.0,7.0,0.0,0.0,0.0,4.0,11.0,0.0,0.0,3.0,0.0,0.0,0.0,1.0,4.0
2020-12-01,432150,5.0,1.0,4.0,0.0,0.0,0.0,6.0,16.0,0.0,0.0,1.0,0.0,0.0,0.0,3.0,4.0
2020-12-01,432162,0.0,0.0,1.0,0.0,0.0,0.0,2.0,3.0,0.0,0.0,0.0,0.0,0.0,0.0,1.0,1.0
2020-12-01,432166,0.0,0.0,1.0,0.0,0.0,0.0,1.0,2.0,0.0,0.0,0.0,0.0,0.0,0.0,0.0,0.0
2020-12-01,432170,0.0,1.0,2.0,0.0,0.0,0.0,5.0,8.0,0.0,0.0,0.0,0.0,0.0,0.0,3.0,3.0
2020-12-01,432180,0.0,0.0,0.0,0.0,0.0,0.0,1.0,1.0,0.0,0.0,0.0,0.0,0.0,0.0,0.0,0.0
2020-12-01,432185,0.0,0.0,1.0,0.0,0.0,0.0,2.0,3.0,0.0,0.0,1.0,0.0,0.0,0.0,1.0,2.0
2020-12-01,432190,0.0,1.0,2.0,4.0,0.0,0.0,5.0,12.0,0.0,0.0,1.0,1.0,0.0,0.0,2.0,4.0
2020-12-01,432195,0.0,0.0,1.0,0.0,0.0,0.0,2.0,3.0,0.0,0.0,0.0,0.0,0.0,0.0,1.0,1.0
2020-12-01,432200,0.0,0.0,1.0,0.0,0.0,0.0,1.0,2.0,0.0,0.0,0.0,0.0,0.0,0.0,0.0,0.0
2020-12-01,432220,1.0,0.0,0.0,0.0,0.0,0.0,3.0,4.0,0.0,0.0,0.0,0.0,0.0,0.0,2.0,2.0
2020-12-01,432225,0.0,0.0,1.0,0.0,0.0,0.0,1.0,2.0,0.0,0.0,0.0,0.0,0.0,0.0,0.0,0.0
2020-12-01,432230,1.0,0.0,0.0,0.0,0.0,0.0,1.0,2.0,0.0,0.0,0.0,0.0,0.0,0.0,0.0,0.0
2020-12-01,432240,3.0,0.0,1.0,0.0,0.0,0.0,5.0,9.0,0.0,0.0,1.0,0.0,0.0,0.0,2.0,3.0
2020-12-01,432250,0.0,0.0,0.0,0.0,0.0,0.0,4.0,4.0,0.0,0.0,0.0,0.0,0.0,0.0,3.0,3.0
2020-12-01,432252,0.0,0.0,0.0,0.0,0.0,0.0,1.0,1.0,0.0,0.0,0.0,0.0,0.0,0.0,1.0,1.0
2020-12-01,432253,3.0,0.0,2.0,0.0,0.0,0.0,1.0,6.0,0.0,0.0,0.0,0.0,0.0,0.0,0.0,0.0
2020-12-01,432260,1.0,0.0,3.0,0.0,0.0,0.0,13.0,17.0,0.0,0.0,1.0,0.0,0.0,0.0,2.0,3.0
2020-12-01,432270,0.0,0.0,3.0,0.0,0.0,0.0,6.0,9.0,0.0,0.0,0.0,0.0,0.0,0.0,0.0,0.0
2020-12-01,432280,0.0,0.0,4.0,0.0,0.0,0.0,1.0,5.0,0.0,0.0,1.0,0.0,0.0,0.0,1.0,2.0
2020-12-01,432290,0.0,0.0,1.0,0.0,0.0,0.0,2.0,3.0,0.0,0.0,0.0,0.0,0.0,0.0,1.0,1.0
2020-12-01,432300,7.0,1.0,4.0,0.0,0.0,0.0,16.0,28.0,3.0,1.0,3.0,0.0,0.0,0.0,4.0,11.0
2020-12-01,432310,0.0,0.0,1.0,0.0,0.0,0.0,1.0,2.0,0.0,0.0,1.0,0.0,0.0,0.0,0.0,1.0
2020-12-01,432330,0.0,0.0,0.0,0.0,0.0,0.0,1.0,1.0,0.0,0.0,0.0,0.0,0.0,0.0,0.0,0.0
2020-12-01,432375,0.0,0.0,0.0,0.0,0.0,0.0,1.0,1.0,0.0,0.0,0.0,0.0,0.0,0.0,0.0,0.0
2020-12-01,432380,1.0,2.0,0.0,0.0,0.0,0.0,2.0,5.0,0.0,0.0,0.0,0.0,0.0,0.0,1.0,1.0
2020-12-01,500020,0.0,0.0,0.0,0.0,0.0,0.0,3.0,3.0,0.0,0.0,0.0,0.0,0.0,0.0,1.0,1.0
2020-12-01,500100,0.0,0.0,2.0,0.0,0.0,0.0,1.0,3.0,0.0,0.0,0.0,0.0,0.0,0.0,1.0,1.0
2020-12-01,500110,0.0,0.0,1.0,0.0,0.0,0.0,1.0,2.0,0.0,0.0,0.0,0.0,0.0,0.0,0.0,0.0
2020-12-01,500220,0.0,0.0,0.0,0.0,0.0,0.0,2.0,2.0,0.0,0.0,0.0,0.0,0.0,0.0,0.0,0.0
2020-12-01,500230,0.0,0.0,0.0,0.0,0.0,0.0,2.0,2.0,0.0,0.0,0.0,0.0,0.0,0.0,1.0,1.0
2020-12-01,500270,11.0,0.0,0.0,0.0,0.0,0.0,1.0,12.0,4.0,0.0,0.0,0.0,0.0,0.0,1.0,5.0
2020-12-01,500325,3.0,0.0,3.0,1.0,1.0,0.0,6.0,14.0,2.0,0.0,2.0,1.0,1.0,0.0,2.0,8.0
2020-12-01,500330,2.0,1.0,5.0,0.0,0.0,0.0,1.0,9.0,1.0,0.0,1.0,0.0,0.0,0.0,1.0,3.0
2020-12-01,500370,2.0,1.0,3.0,0.0,0.0,0.0,3.0,9.0,0.0,1.0,1.0,0.0,0.0,0.0,1.0,3.0
2020-12-01,500390,0.0,0.0,0.0,0.0,0.0,0.0,1.0,1.0,0.0,0.0,0.0,0.0,0.0,0.0,0.0,0.0
2020-12-01,500490,0.0,0.0,0.0,0.0,0.0,0.0,1.0,1.0,0.0,0.0,0.0,0.0,0.0,0.0,0.0,0.0
2020-12-01,500630,0.0,0.0,1.0,0.0,0.0,0.0,8.0,9.0,0.0,0.0,1.0,0.0,0.0,0.0,1.0,2.0
2020-12-01,500710,0.0,0.0,0.0,0.0,0.0,0.0,1.0,1.0,0.0,0.0,0.0,0.0,0.0,0.0,1.0,1.0
2020-12-01,500769,1.0,0.0,3.0,0.0,0.0,0.0,1.0,5.0,0.0,0.0,2.0,0.0,0.0,0.0,1.0,3.0
2020-12-01,500830,1.0,0.0,0.0,0.0,0.0,0.0,7.0,8.0,1.0,0.0,0.0,0.0,0.0,0.0,4.0,5.0
2020-12-01,510250,2.0,0.0,0.0,0.0,0.0,0.0,1.0,3.0,0.0,0.0,0.0,0.0,0.0,0.0,1.0,1.0
2020-12-01,510263,1.0,0.0,0.0,0.0,0.0,0.0,2.0,3.0,1.0,0.0,0.0,0.0,0.0,0.0,0.0,1.0
2020-12-01,510305,1.0,1.0,0.0,1.0,1.0,0.0,3.0,7.0,0.0,0.0,0.0,0.0,0.0,0.0,0.0,0.0
2020-12-01,510340,15.0,5.0,0.0,0.0,0.0,0.0,2.0,22.0,2.0,0.0,0.0,0.0,0.0,0.0,0.0,2.0
2020-12-01,510360,0.0,0.0,0.0,0.0,0.0,0.0,1.0,1.0,0.0,0.0,0.0,0.0,0.0,0.0,0.0,0.0
2020-12-01,510420,0.0,0.0,0.0,0.0,0.0,0.0,1.0,1.0,0.0,0.0,0.0,0.0,0.0,0.0,0.0,0.0
2020-12-01,510460,0.0,0.0,0.0,0.0,0.0,0.0,1.0,1.0,0.0,0.0,0.0,0.0,0.0,0.0,0.0,0.0
2020-12-01,510520,1.0,0.0,0.0,0.0,0.0,0.0,1.0,2.0,0.0,0.0,0.0,0.0,0.0,0.0,1.0,1.0
2020-12-01,510525,0.0,2.0,1.0,0.0,0.0,0.0,1.0,4.0,0.0,1.0,0.0,0.0,0.0,0.0,0.0,1.0
2020-12-01,510562,0.0,0.0,0.0,0.0,0.0,0.0,1.0,1.0,0.0,0.0,0.0,0.0,0.0,0.0,0.0,0.0
2020-12-01,510630,1.0,0.0,1.0,0.0,0.0,0.0,1.0,3.0,0.0,0.0,0.0,0.0,0.0,0.0,0.0,0.0
2020-12-01,510637,2.0,0.0,0.0,0.0,0.0,0.0,3.0,5.0,0.0,0.0,0.0,0.0,0.0,0.0,0.0,0.0
2020-12-01,510642,2.0,1.0,0.0,0.0,0.0,0.0,1.0,4.0,1.0,0.0,0.0,0.0,0.0,0.0,0.0,1.0
2020-12-01,510650,0.0,0.0,0.0,0.0,0.0,0.0,1.0,1.0,0.0,0.0,0.0,0.0,0.0,0.0,0.0,0.0
2020-12-01,510665,0.0,0.0,0.0,0.0,0.0,0.0,1.0,1.0,0.0,0.0,0.0,0.0,0.0,0.0,0.0,0.0
2020-12-01,510700,3.0,2.0,0.0,0.0,0.0,0.0,4.0,9.0,0.0,1.0,0.0,0.0,0.0,0.0,0.0,1.0
2020-12-01,510704,1.0,0.0,0.0,0.0,0.0,0.0,6.0,7.0,0.0,0.0,0.0,0.0,0.0,0.0,1.0,1.0
2020-12-01,510729,1.0,0.0,0.0,0.0,0.0,0.0,1.0,2.0,0.0,0.0,0.0,0.0,0.0,0.0,0.0,0.0
2020-12-01,510760,29.0,18.0,5.0,1.0,0.0,0.0,21.0,74.0,4.0,10.0,2.0,0.0,0.0,0.0,5.0,21.0
2020-12-01,510792,2.0,0.0,0.0,0.0,0.0,0.0,6.0,8.0,1.0,0.0,0.0,0.0,0.0,0.0,1.0,2.0
2020-12-01,510795,1.0,0.0,0.0,0.0,0.0,0.0,1.0,2.0,1.0,0.0,0.0,0.0,0.0,0.0,0.0,1.0
2020-12-01,510800,0.0,0.0,0.0,0.0,0.0,0.0,2.0,2.0,0.0,0.0,0.0,0.0,0.0,0.0,0.0,0.0
2020-12-01,510850,1.0,0.0,0.0,0.0,0.0,0.0,1.0,2.0,0.0,0.0,0.0,0.0,0.0,0.0,0.0,0.0
2020-12-01,510895,1.0,0.0,0.0,0.0,0.0,0.0,1.0,2.0,0.0,0.0,0.0,0.0,0.0,0.0,0.0,0.0
2020-12-01,520025,3.0,0.0,2.0,1.0,4.0,0.0,4.0,14.0,1.0,0.0,0.0,1.0,4.0,0.0,1.0,7.0
2020-12-01,520030,1.0,1.0,0.0,0.0,0.0,0.0,5.0,7.0,0.0,1.0,0.0,0.0,0.0,0.0,1.0,2.0
2020-12-01,520055,0.0,0.0,0.0,0.0,0.0,0.0,1.0,1.0,0.0,0.0,0.0,0.0,0.0,0.0,0.0,0.0
2020-12-01,520110,32.0,5.0,41.0,0.0,1.0,0.0,16.0,95.0,7.0,1.0,1.0,0.0,0.0,0.0,1.0,10.0
2020-12-01,520140,37.0,10.0,7.0,1.0,0.0,0.0,48.0,103.0,7.0,4.0,6.0,0.0,0.0,0.0,3.0,20.0
2020-12-01,520180,0.0,0.0,0.0,0.0,0.0,0.0,2.0,2.0,0.0,0.0,0.0,0.0,0.0,0.0,0.0,0.0
2020-12-01,520330,1.0,0.0,0.0,1.0,0.0,0.0,4.0,6.0,0.0,0.0,0.0,0.0,0.0,0.0,2.0,2.0
2020-12-01,520350,2.0,0.0,1.0,1.0,0.0,0.0,1.0,5.0,2.0,0.0,0.0,1.0,0.0,0.0,0.0,3.0
2020-12-01,520390,0.0,0.0,0.0,0.0,0.0,0.0,1.0,1.0,0.0,0.0,0.0,0.0,0.0,0.0,0.0,0.0
2020-12-01,520430,0.0,0.0,0.0,0.0,0.0,0.0,1.0,1.0,0.0,0.0,0.0,0.0,0.0,0.0,0.0,0.0
2020-12-01,520450,0.0,1.0,0.0,0.0,0.0,0.0,1.0,2.0,0.0,0.0,0.0,0.0,0.0,0.0,0.0,0.0
2020-12-01,520500,0.0,0.0,0.0,0.0,0.0,0.0,2.0,2.0,0.0,0.0,0.0,0.0,0.0,0.0,0.0,0.0
2020-12-01,520510,1.0,0.0,0.0,0.0,0.0,0.0,1.0,2.0,0.0,0.0,0.0,0.0,0.0,0.0,0.0,0.0
2020-12-01,520540,3.0,1.0,0.0,0.0,0.0,0.0,2.0,6.0,0.0,0.0,0.0,0.0,0.0,0.0,0.0,0.0
2020-12-01,520570,1.0,0.0,0.0,0.0,0.0,0.0,1.0,2.0,0.0,0.0,0.0,0.0,0.0,0.0,0.0,0.0
2020-12-01,520620,0.0,0.0,0.0,0.0,0.0,0.0,2.0,2.0,0.0,0.0,0.0,0.0,0.0,0.0,1.0,1.0
2020-12-01,520640,1.0,0.0,0.0,0.0,0.0,0.0,1.0,2.0,0.0,0.0,0.0,0.0,0.0,0.0,0.0,0.0
2020-12-01,520740,0.0,0.0,0.0,0.0,0.0,0.0,1.0,1.0,0.0,0.0,0.0,0.0,0.0,0.0,0.0,0.0
2020-12-01,520790,0.0,0.0,0.0,0.0,0.0,0.0,1.0,1.0,0.0,0.0,0.0,0.0,0.0,0.0,0.0,0.0
2020-12-01,520800,0.0,1.0,0.0,1.0,0.0,0.0,1.0,3.0,0.0,0.0,0.0,0.0,0.0,0.0,0.0,0.0
2020-12-01,520810,0.0,0.0,0.0,0.0,0.0,0.0,1.0,1.0,0.0,0.0,0.0,0.0,0.0,0.0,1.0,1.0
2020-12-01,520840,0.0,0.0,0.0,0.0,0.0,0.0,1.0,1.0,0.0,0.0,0.0,0.0,0.0,0.0,0.0,0.0
2020-12-01,520860,1.0,1.0,0.0,0.0,0.0,0.0,1.0,3.0,0.0,0.0,0.0,0.0,0.0,0.0,0.0,0.0
2020-12-01,520870,60.0,48.0,11.0,5.0,0.0,1.0,91.0,216.0,7.0,17.0,2.0,2.0,0.0,1.0,13.0,42.0
2020-12-01,520915,0.0,0.0,0.0,0.0,0.0,0.0,1.0,1.0,0.0,0.0,0.0,0.0,0.0,0.0,0.0,0.0
2020-12-01,520970,1.0,0.0,0.0,0.0,0.0,0.0,1.0,2.0,0.0,0.0,0.0,0.0,0.0,0.0,0.0,0.0
2020-12-01,521000,0.0,0.0,0.0,0.0,0.0,0.0,1.0,1.0,0.0,0.0,0.0,0.0,0.0,0.0,0.0,0.0
2020-12-01,521010,1.0,0.0,0.0,0.0,0.0,0.0,1.0,2.0,0.0,0.0,0.0,0.0,0.0,0.0,0.0,0.0
2020-12-01,521090,1.0,1.0,0.0,1.0,0.0,0.0,4.0,7.0,0.0,0.0,0.0,0.0,0.0,0.0,1.0,1.0
2020-12-01,521150,6.0,1.0,3.0,0.0,0.0,0.0,8.0,18.0,0.0,0.0,1.0,0.0,0.0,0.0,0.0,1.0
2020-12-01,521180,0.0,0.0,0.0,0.0,0.0,0.0,1.0,1.0,0.0,0.0,0.0,0.0,0.0,0.0,0.0,0.0
2020-12-01,521190,2.0,0.0,0.0,0.0,0.0,0.0,1.0,3.0,0.0,0.0,0.0,0.0,0.0,0.0,0.0,0.0
2020-12-01,521220,0.0,0.0,0.0,0.0,0.0,0.0,3.0,3.0,0.0,0.0,0.0,0.0,0.0,0.0,1.0,1.0
2020-12-01,521250,4.0,2.0,3.0,0.0,0.0,0.0,2.0,11.0,0.0,0.0,2.0,0.0,0.0,0.0,0.0,2.0
2020-12-01,521305,0.0,0.0,0.0,0.0,0.0,0.0,1.0,1.0,0.0,0.0,0.0,0.0,0.0,0.0,0.0,0.0
2020-12-01,521310,3.0,1.0,0.0,0.0,0.0,0.0,2.0,6.0,0.0,1.0,0.0,0.0,0.0,0.0,2.0,3.0
2020-12-01,521375,1.0,0.0,0.0,0.0,0.0,0.0,1.0,2.0,0.0,0.0,0.0,0.0,0.0,0.0,1.0,1.0
2020-12-01,521390,0.0,1.0,0.0,0.0,0.0,0.0,2.0,3.0,0.0,1.0,0.0,0.0,0.0,0.0,0.0,1.0
2020-12-01,521405,0.0,0.0,1.0,0.0,0.0,0.0,1.0,2.0,0.0,0.0,1.0,0.0,0.0,0.0,1.0,2.0
2020-12-01,521440,0.0,0.0,0.0,0.0,0.0,0.0,1.0,1.0,0.0,0.0,0.0,0.0,0.0,0.0,1.0,1.0
2020-12-01,521500,0.0,0.0,0.0,0.0,0.0,0.0,1.0,1.0,0.0,0.0,0.0,0.0,0.0,0.0,1.0,1.0
2020-12-01,521523,0.0,0.0,1.0,0.0,0.0,0.0,2.0,3.0,0.0,0.0,1.0,0.0,0.0,0.0,1.0,2.0
2020-12-01,521540,0.0,1.0,1.0,0.0,0.0,0.0,2.0,4.0,0.0,0.0,0.0,0.0,0.0,0.0,0.0,0.0
2020-12-01,521550,0.0,0.0,0.0,0.0,0.0,0.0,1.0,1.0,0.0,0.0,0.0,0.0,0.0,0.0,0.0,0.0
2020-12-01,521560,1.0,0.0,0.0,0.0,1.0,0.0,3.0,5.0,0.0,0.0,0.0,0.0,1.0,0.0,2.0,3.0
2020-12-01,521580,1.0,0.0,0.0,0.0,0.0,0.0,1.0,2.0,0.0,0.0,0.0,0.0,0.0,0.0,0.0,0.0
2020-12-01,521640,0.0,0.0,0.0,0.0,0.0,0.0,1.0,1.0,0.0,0.0,0.0,0.0,0.0,0.0,0.0,0.0
2020-12-01,521710,0.0,1.0,0.0,0.0,0.0,0.0,3.0,4.0,0.0,1.0,0.0,0.0,0.0,0.0,0.0,1.0
2020-12-01,521839,0.0,0.0,0.0,0.0,0.0,0.0,1.0,1.0,0.0,0.0,0.0,0.0,0.0,0.0,0.0,0.0
2020-12-01,521850,0.0,0.0,3.0,1.0,0.0,0.0,7.0,11.0,0.0,0.0,1.0,0.0,0.0,0.0,0.0,1.0
2020-12-01,521860,2.0,1.0,1.0,0.0,0.0,0.0,1.0,5.0,0.0,1.0,1.0,0.0,0.0,0.0,1.0,3.0
2020-12-01,521973,0.0,1.0,0.0,0.0,0.0,0.0,1.0,2.0,0.0,0.0,0.0,0.0,0.0,0.0,1.0,1.0
2020-12-01,522010,5.0,3.0,1.0,0.0,0.0,0.0,2.0,11.0,0.0,2.0,0.0,0.0,0.0,0.0,0.0,2.0
2020-12-01,522045,6.0,5.0,1.0,2.0,0.0,0.0,6.0,20.0,2.0,3.0,0.0,1.0,0.0,0.0,1.0,7.0
2020-12-01,522068,1.0,0.0,0.0,0.0,0.0,0.0,1.0,2.0,0.0,0.0,0.0,0.0,0.0,0.0,1.0,1.0
2020-12-01,522140,1.0,4.0,0.0,0.0,0.0,0.0,8.0,13.0,0.0,2.0,0.0,0.0,0.0,0.0,0.0,2.0
2020-12-01,522160,0.0,1.0,0.0,0.0,0.0,0.0,1.0,2.0,0.0,0.0,0.0,0.0,0.0,0.0,1.0,1.0
2020-12-01,522185,2.0,1.0,1.0,0.0,0.0,0.0,1.0,5.0,0.0,0.0,0.0,0.0,0.0,0.0,0.0,0.0
2020-12-01,522200,0.0,1.0,0.0,0.0,0.0,0.0,3.0,4.0,0.0,0.0,0.0,0.0,0.0,0.0,1.0,1.0
2020-12-01,530010,49.0,32.0,53.0,7.0,6.0,0.0,96.0,243.0,12.0,12.0,33.0,3.0,5.0,0.0,33.0,98.0
2020-12-01,110011,2.0,0.0,0.0,0.0,0.0,0.0,0.0,2.0,0.0,0.0,0.0,0.0,0.0,0.0,0.0,0.0
2020-12-01,110013,1.0,0.0,0.0,0.0,0.0,0.0,0.0,1.0,0.0,0.0,0.0,0.0,0.0,0.0,0.0,0.0
2020-12-01,110032,2.0,0.0,0.0,0.0,0.0,0.0,0.0,2.0,2.0,0.0,0.0,0.0,0.0,0.0,0.0,2.0
2020-12-01,110033,2.0,0.0,0.0,0.0,0.0,0.0,0.0,2.0,2.0,0.0,0.0,0.0,0.0,0.0,0.0,2.0
2020-12-01,110092,1.0,0.0,0.0,0.0,0.0,0.0,0.0,1.0,0.0,0.0,0.0,0.0,0.0,0.0,0.0,0.0
2020-12-01,140010,6.0,4.0,4.0,0.0,0.0,0.0,0.0,14.0,0.0,3.0,2.0,0.0,0.0,0.0,0.0,5.0
2020-12-01,140017,1.0,1.0,0.0,0.0,0.0,0.0,0.0,2.0,1.0,1.0,0.0,0.0,0.0,0.0,0.0,2.0
2020-12-01,140023,1.0,0.0,0.0,0.0,0.0,0.0,0.0,1.0,1.0,0.0,0.0,0.0,0.0,0.0,0.0,1.0
2020-12-01,140030,1.0,0.0,0.0,0.0,0.0,0.0,0.0,1.0,0.0,0.0,0.0,0.0,0.0,0.0,0.0,0.0
2020-12-01,150040,1.0,0.0,0.0,0.0,0.0,0.0,0.0,1.0,0.0,0.0,0.0,0.0,0.0,0.0,0.0,0.0
2020-12-01,150150,1.0,0.0,0.0,0.0,0.0,0.0,0.0,1.0,0.0,0.0,0.0,0.0,0.0,0.0,0.0,0.0
2020-12-01,150360,1.0,0.0,0.0,0.0,0.0,0.0,0.0,1.0,0.0,0.0,0.0,0.0,0.0,0.0,0.0,0.0
2020-12-01,150440,1.0,0.0,0.0,0.0,0.0,0.0,0.0,1.0,1.0,0.0,0.0,0.0,0.0,0.0,0.0,1.0
2020-12-01,150442,1.0,2.0,0.0,0.0,0.0,0.0,0.0,3.0,0.0,0.0,0.0,0.0,0.0,0.0,0.0,0.0
2020-12-01,150503,1.0,0.0,0.0,0.0,0.0,0.0,0.0,1.0,0.0,0.0,0.0,0.0,0.0,0.0,0.0,0.0
2020-12-01,150550,1.0,1.0,0.0,0.0,0.0,0.0,0.0,2.0,1.0,1.0,0.0,0.0,0.0,0.0,0.0,2.0
2020-12-01,150553,2.0,5.0,4.0,0.0,0.0,0.0,0.0,11.0,1.0,2.0,3.0,0.0,0.0,0.0,0.0,6.0
2020-12-01,150613,1.0,1.0,0.0,0.0,0.0,0.0,0.0,2.0,0.0,0.0,0.0,0.0,0.0,0.0,0.0,0.0
2020-12-01,150630,1.0,1.0,0.0,0.0,0.0,0.0,0.0,2.0,1.0,0.0,0.0,0.0,0.0,0.0,0.0,1.0
2020-12-01,150650,2.0,1.0,0.0,0.0,0.0,0.0,0.0,3.0,0.0,1.0,0.0,0.0,0.0,0.0,0.0,1.0
2020-12-01,150680,2.0,1.0,0.0,0.0,0.0,0.0,0.0,3.0,2.0,1.0,0.0,0.0,0.0,0.0,0.0,3.0
2020-12-01,150747,1.0,1.0,0.0,0.0,0.0,0.0,0.0,2.0,0.0,1.0,0.0,0.0,0.0,0.0,0.0,1.0
2020-12-01,160030,2.0,0.0,0.0,0.0,0.0,0.0,0.0,2.0,0.0,0.0,0.0,0.0,0.0,0.0,0.0,0.0
2020-12-01,171886,1.0,0.0,0.0,0.0,0.0,0.0,0.0,1.0,1.0,0.0,0.0,0.0,0.0,0.0,0.0,1.0
2020-12-01,172208,1.0,1.0,0.0,0.0,0.0,0.0,0.0,2.0,1.0,1.0,0.0,0.0,0.0,0.0,0.0,2.0
2020-12-01,210020,1.0,0.0,0.0,0.0,0.0,0.0,0.0,1.0,0.0,0.0,0.0,0.0,0.0,0.0,0.0,0.0
2020-12-01,210100,1.0,0.0,0.0,0.0,0.0,0.0,0.0,1.0,0.0,0.0,0.0,0.0,0.0,0.0,0.0,0.0
2020-12-01,210173,1.0,0.0,0.0,0.0,0.0,0.0,0.0,1.0,0.0,0.0,0.0,0.0,0.0,0.0,0.0,0.0
2020-12-01,210177,2.0,0.0,0.0,0.0,0.0,0.0,0.0,2.0,0.0,0.0,0.0,0.0,0.0,0.0,0.0,0.0
2020-12-01,210180,1.0,0.0,0.0,0.0,0.0,0.0,0.0,1.0,0.0,0.0,0.0,0.0,0.0,0.0,0.0,0.0
2020-12-01,210190,2.0,0.0,0.0,0.0,0.0,0.0,0.0,2.0,1.0,0.0,0.0,0.0,0.0,0.0,0.0,1.0
2020-12-01,210197,1.0,0.0,0.0,0.0,0.0,0.0,0.0,1.0,1.0,0.0,0.0,0.0,0.0,0.0,0.0,1.0
2020-12-01,210210,1.0,0.0,0.0,0.0,0.0,0.0,0.0,1.0,0.0,0.0,0.0,0.0,0.0,0.0,0.0,0.0
2020-12-01,210232,4.0,1.0,0.0,0.0,0.0,0.0,0.0,5.0,1.0,0.0,0.0,0.0,0.0,0.0,0.0,1.0
2020-12-01,210260,1.0,0.0,0.0,0.0,0.0,0.0,0.0,1.0,0.0,0.0,0.0,0.0,0.0,0.0,0.0,0.0
2020-12-01,210270,1.0,1.0,0.0,0.0,0.0,0.0,0.0,2.0,0.0,1.0,0.0,0.0,0.0,0.0,0.0,1.0
2020-12-01,210300,3.0,0.0,0.0,0.0,0.0,0.0,0.0,3.0,1.0,0.0,0.0,0.0,0.0,0.0,0.0,1.0
2020-12-01,210350,1.0,0.0,0.0,0.0,0.0,0.0,0.0,1.0,0.0,0.0,0.0,0.0,0.0,0.0,0.0,0.0
2020-12-01,210370,1.0,0.0,0.0,0.0,0.0,0.0,0.0,1.0,0.0,0.0,0.0,0.0,0.0,0.0,0.0,0.0
2020-12-01,210380,1.0,1.0,0.0,0.0,0.0,0.0,0.0,2.0,0.0,0.0,0.0,0.0,0.0,0.0,0.0,0.0
2020-12-01,210409,1.0,0.0,0.0,0.0,0.0,0.0,0.0,1.0,0.0,0.0,0.0,0.0,0.0,0.0,0.0,0.0
2020-12-01,210450,2.0,1.0,0.0,0.0,0.0,0.0,0.0,3.0,0.0,1.0,0.0,0.0,0.0,0.0,0.0,1.0
2020-12-01,210467,2.0,0.0,0.0,0.0,0.0,0.0,0.0,2.0,0.0,0.0,0.0,0.0,0.0,0.0,0.0,0.0
2020-12-01,210570,3.0,1.0,0.0,0.0,0.0,0.0,0.0,4.0,1.0,1.0,0.0,0.0,0.0,0.0,0.0,2.0
2020-12-01,210640,1.0,0.0,0.0,0.0,0.0,0.0,0.0,1.0,1.0,0.0,0.0,0.0,0.0,0.0,0.0,1.0
2020-12-01,210680,1.0,0.0,0.0,0.0,1.0,0.0,0.0,2.0,0.0,0.0,0.0,0.0,1.0,0.0,0.0,1.0
2020-12-01,210720,1.0,0.0,0.0,0.0,0.0,0.0,0.0,1.0,0.0,0.0,0.0,0.0,0.0,0.0,0.0,0.0
2020-12-01,210740,1.0,0.0,0.0,0.0,0.0,0.0,0.0,1.0,1.0,0.0,0.0,0.0,0.0,0.0,0.0,1.0
2020-12-01,210770,1.0,0.0,0.0,0.0,0.0,0.0,0.0,1.0,1.0,0.0,0.0,0.0,0.0,0.0,0.0,1.0
2020-12-01,210825,2.0,0.0,0.0,0.0,0.0,0.0,0.0,2.0,1.0,0.0,0.0,0.0,0.0,0.0,0.0,1.0
2020-12-01,210860,3.0,0.0,0.0,0.0,0.0,0.0,0.0,3.0,0.0,0.0,0.0,0.0,0.0,0.0,0.0,0.0
2020-12-01,210880,1.0,0.0,0.0,0.0,0.0,0.0,0.0,1.0,0.0,0.0,0.0,0.0,0.0,0.0,0.0,0.0
2020-12-01,210923,1.0,0.0,0.0,0.0,0.0,0.0,0.0,1.0,1.0,0.0,0.0,0.0,0.0,0.0,0.0,1.0
2020-12-01,210945,2.0,2.0,0.0,0.0,0.0,0.0,0.0,4.0,0.0,1.0,0.0,0.0,0.0,0.0,0.0,1.0
2020-12-01,210955,1.0,0.0,0.0,0.0,0.0,0.0,0.0,1.0,0.0,0.0,0.0,0.0,0.0,0.0,0.0,0.0
2020-12-01,211010,1.0,0.0,0.0,0.0,0.0,0.0,0.0,1.0,0.0,0.0,0.0,0.0,0.0,0.0,0.0,0.0
2020-12-01,211023,1.0,0.0,0.0,0.0,0.0,0.0,0.0,1.0,1.0,0.0,0.0,0.0,0.0,0.0,0.0,1.0
2020-12-01,211030,1.0,0.0,1.0,0.0,0.0,0.0,0.0,2.0,0.0,0.0,0.0,0.0,0.0,0.0,0.0,0.0
2020-12-01,211110,1.0,0.0,0.0,0.0,0.0,0.0,0.0,1.0,1.0,0.0,0.0,0.0,0.0,0.0,0.0,1.0
2020-12-01,211125,1.0,0.0,0.0,0.0,0.0,0.0,0.0,1.0,0.0,0.0,0.0,0.0,0.0,0.0,0.0,0.0
2020-12-01,211153,1.0,0.0,0.0,0.0,0.0,0.0,0.0,1.0,0.0,0.0,0.0,0.0,0.0,0.0,0.0,0.0
2020-12-01,211167,1.0,0.0,0.0,0.0,0.0,0.0,0.0,1.0,1.0,0.0,0.0,0.0,0.0,0.0,0.0,1.0
2020-12-01,211178,1.0,0.0,0.0,0.0,0.0,0.0,0.0,1.0,1.0,0.0,0.0,0.0,0.0,0.0,0.0,1.0
2020-12-01,211230,1.0,0.0,0.0,0.0,0.0,0.0,0.0,1.0,0.0,0.0,0.0,0.0,0.0,0.0,0.0,0.0
2020-12-01,211280,1.0,1.0,0.0,0.0,0.0,0.0,0.0,2.0,0.0,0.0,0.0,0.0,0.0,0.0,0.0,0.0
2020-12-01,220005,1.0,0.0,0.0,0.0,0.0,0.0,0.0,1.0,1.0,0.0,0.0,0.0,0.0,0.0,0.0,1.0
2020-12-01,220040,7.0,0.0,0.0,0.0,0.0,0.0,0.0,7.0,1.0,0.0,0.0,0.0,0.0,0.0,0.0,1.0
2020-12-01,220140,1.0,0.0,0.0,0.0,0.0,0.0,0.0,1.0,0.0,0.0,0.0,0.0,0.0,0.0,0.0,0.0
2020-12-01,220150,1.0,0.0,0.0,0.0,0.0,0.0,0.0,1.0,0.0,0.0,0.0,0.0,0.0,0.0,0.0,0.0
2020-12-01,220170,1.0,0.0,0.0,0.0,0.0,0.0,0.0,1.0,1.0,0.0,0.0,0.0,0.0,0.0,0.0,1.0
2020-12-01,220177,1.0,0.0,0.0,0.0,0.0,0.0,0.0,1.0,0.0,0.0,0.0,0.0,0.0,0.0,0.0,0.0
2020-12-01,220198,1.0,0.0,0.0,0.0,0.0,0.0,0.0,1.0,1.0,0.0,0.0,0.0,0.0,0.0,0.0,1.0
2020-12-01,220217,1.0,0.0,0.0,0.0,0.0,0.0,0.0,1.0,0.0,0.0,0.0,0.0,0.0,0.0,0.0,0.0
2020-12-01,220370,1.0,0.0,0.0,0.0,0.0,0.0,0.0,1.0,0.0,0.0,0.0,0.0,0.0,0.0,0.0,0.0
2020-12-01,220390,1.0,0.0,0.0,0.0,0.0,0.0,0.0,1.0,1.0,0.0,0.0,0.0,0.0,0.0,0.0,1.0
2020-12-01,220435,1.0,0.0,0.0,0.0,0.0,0.0,0.0,1.0,0.0,0.0,0.0,0.0,0.0,0.0,0.0,0.0
2020-12-01,220480,1.0,0.0,0.0,0.0,0.0,0.0,0.0,1.0,1.0,0.0,0.0,0.0,0.0,0.0,0.0,1.0
2020-12-01,220500,1.0,0.0,0.0,0.0,0.0,0.0,0.0,1.0,0.0,0.0,0.0,0.0,0.0,0.0,0.0,0.0
2020-12-01,220570,1.0,0.0,0.0,0.0,0.0,0.0,0.0,1.0,0.0,0.0,0.0,0.0,0.0,0.0,0.0,0.0
2020-12-01,220580,1.0,0.0,0.0,0.0,0.0,0.0,0.0,1.0,0.0,0.0,0.0,0.0,0.0,0.0,0.0,0.0
2020-12-01,220650,1.0,0.0,0.0,0.0,0.0,0.0,0.0,1.0,0.0,0.0,0.0,0.0,0.0,0.0,0.0,0.0
2020-12-01,220800,2.0,0.0,0.0,0.0,0.0,0.0,0.0,2.0,0.0,0.0,0.0,0.0,0.0,0.0,0.0,0.0
2020-12-01,220840,1.0,0.0,0.0,0.0,0.0,0.0,0.0,1.0,0.0,0.0,0.0,0.0,0.0,0.0,0.0,0.0
2020-12-01,220970,1.0,0.0,0.0,0.0,0.0,0.0,0.0,1.0,0.0,0.0,0.0,0.0,0.0,0.0,0.0,0.0
2020-12-01,221040,1.0,0.0,0.0,0.0,0.0,0.0,0.0,1.0,1.0,0.0,0.0,0.0,0.0,0.0,0.0,1.0
2020-12-01,221080,2.0,0.0,0.0,0.0,0.0,0.0,0.0,2.0,0.0,0.0,0.0,0.0,0.0,0.0,0.0,0.0
2020-12-01,221093,1.0,0.0,0.0,0.0,0.0,0.0,0.0,1.0,1.0,0.0,0.0,0.0,0.0,0.0,0.0,1.0
2020-12-01,221095,1.0,0.0,0.0,0.0,0.0,0.0,0.0,1.0,0.0,0.0,0.0,0.0,0.0,0.0,0.0,0.0
2020-12-01,221110,1.0,0.0,0.0,0.0,0.0,0.0,0.0,1.0,0.0,0.0,0.0,0.0,0.0,0.0,0.0,0.0
2020-12-01,221120,1.0,0.0,0.0,0.0,0.0,0.0,0.0,1.0,1.0,0.0,0.0,0.0,0.0,0.0,0.0,1.0
2020-12-01,230090,1.0,0.0,0.0,0.0,0.0,0.0,0.0,1.0,0.0,0.0,0.0,0.0,0.0,0.0,0.0,0.0
2020-12-01,230125,1.0,0.0,0.0,0.0,0.0,0.0,0.0,1.0,0.0,0.0,0.0,0.0,0.0,0.0,0.0,0.0
2020-12-01,230140,2.0,0.0,0.0,0.0,0.0,0.0,0.0,2.0,0.0,0.0,0.0,0.0,0.0,0.0,0.0,0.0
2020-12-01,230170,1.0,0.0,0.0,0.0,0.0,0.0,0.0,1.0,0.0,0.0,0.0,0.0,0.0,0.0,0.0,0.0
2020-12-01,230290,2.0,1.0,0.0,0.0,0.0,0.0,0.0,3.0,0.0,0.0,0.0,0.0,0.0,0.0,0.0,0.0
2020-12-01,230365,1.0,0.0,0.0,0.0,0.0,0.0,0.0,1.0,0.0,0.0,0.0,0.0,0.0,0.0,0.0,0.0
2020-12-01,230410,2.0,4.0,0.0,0.0,0.0,0.0,0.0,6.0,2.0,2.0,0.0,0.0,0.0,0.0,0.0,4.0
2020-12-01,230423,2.0,1.0,0.0,0.0,0.0,0.0,0.0,3.0,0.0,0.0,0.0,0.0,0.0,0.0,0.0,0.0
2020-12-01,230470,2.0,0.0,0.0,0.0,0.0,0.0,0.0,2.0,1.0,0.0,0.0,0.0,0.0,0.0,0.0,1.0
2020-12-01,230533,1.0,1.0,0.0,0.0,0.0,0.0,0.0,2.0,0.0,0.0,0.0,0.0,0.0,0.0,0.0,0.0
2020-12-01,230630,1.0,2.0,0.0,0.0,0.0,0.0,0.0,3.0,1.0,0.0,0.0,0.0,0.0,0.0,0.0,1.0
2020-12-01,230650,1.0,1.0,0.0,0.0,0.0,0.0,0.0,2.0,1.0,1.0,0.0,0.0,0.0,0.0,0.0,2.0
2020-12-01,230690,1.0,0.0,0.0,0.0,0.0,0.0,0.0,1.0,0.0,0.0,0.0,0.0,0.0,0.0,0.0,0.0
2020-12-01,230750,1.0,0.0,0.0,0.0,0.0,0.0,0.0,1.0,0.0,0.0,0.0,0.0,0.0,0.0,0.0,0.0
2020-12-01,230770,2.0,4.0,0.0,0.0,0.0,0.0,0.0,6.0,0.0,1.0,0.0,0.0,0.0,0.0,0.0,1.0
2020-12-01,230900,1.0,0.0,0.0,0.0,0.0,0.0,0.0,1.0,1.0,0.0,0.0,0.0,0.0,0.0,0.0,1.0
2020-12-01,230970,1.0,7.0,2.0,0.0,0.0,0.0,0.0,10.0,1.0,3.0,0.0,0.0,0.0,0.0,0.0,4.0
2020-12-01,231020,1.0,1.0,0.0,0.0,0.0,0.0,0.0,2.0,1.0,1.0,0.0,0.0,0.0,0.0,0.0,2.0
2020-12-01,231025,1.0,1.0,0.0,0.0,0.0,0.0,0.0,2.0,0.0,0.0,0.0,0.0,0.0,0.0,0.0,0.0
2020-12-01,231110,1.0,0.0,0.0,0.0,0.0,0.0,0.0,1.0,0.0,0.0,0.0,0.0,0.0,0.0,0.0,0.0
2020-12-01,231300,1.0,0.0,0.0,0.0,0.0,0.0,0.0,1.0,1.0,0.0,0.0,0.0,0.0,0.0,0.0,1.0
2020-12-01,231335,1.0,3.0,1.0,0.0,0.0,0.0,0.0,5.0,0.0,0.0,0.0,0.0,0.0,0.0,0.0,0.0
2020-12-01,231395,1.0,1.0,0.0,0.0,0.0,0.0,0.0,2.0,0.0,1.0,0.0,0.0,0.0,0.0,0.0,1.0
2020-12-01,231410,1.0,1.0,0.0,0.0,0.0,1.0,0.0,3.0,1.0,0.0,0.0,0.0,0.0,0.0,0.0,1.0
2020-12-01,240110,2.0,0.0,0.0,0.0,0.0,0.0,0.0,2.0,0.0,0.0,0.0,0.0,0.0,0.0,0.0,0.0
2020-12-01,240165,1.0,0.0,0.0,0.0,0.0,0.0,0.0,1.0,0.0,0.0,0.0,0.0,0.0,0.0,0.0,0.0
2020-12-01,240170,3.0,0.0,0.0,0.0,0.0,0.0,0.0,3.0,1.0,0.0,0.0,0.0,0.0,0.0,0.0,1.0
2020-12-01,240190,1.0,0.0,0.0,0.0,0.0,0.0,0.0,1.0,0.0,0.0,0.0,0.0,0.0,0.0,0.0,0.0
2020-12-01,240220,2.0,0.0,0.0,0.0,0.0,0.0,0.0,2.0,0.0,0.0,0.0,0.0,0.0,0.0,0.0,0.0
2020-12-01,240310,1.0,0.0,1.0,0.0,0.0,0.0,0.0,2.0,0.0,0.0,1.0,0.0,0.0,0.0,0.0,1.0
2020-12-01,240375,1.0,0.0,0.0,0.0,0.0,0.0,0.0,1.0,1.0,0.0,0.0,0.0,0.0,0.0,0.0,1.0
2020-12-01,240420,2.0,0.0,0.0,0.0,0.0,0.0,0.0,2.0,0.0,0.0,0.0,0.0,0.0,0.0,0.0,0.0
2020-12-01,240450,3.0,0.0,0.0,0.0,0.0,0.0,0.0,3.0,0.0,0.0,0.0,0.0,0.0,0.0,0.0,0.0
2020-12-01,240460,1.0,0.0,0.0,0.0,0.0,0.0,0.0,1.0,0.0,0.0,0.0,0.0,0.0,0.0,0.0,0.0
2020-12-01,240485,1.0,0.0,0.0,0.0,0.0,0.0,0.0,1.0,1.0,0.0,0.0,0.0,0.0,0.0,0.0,1.0
2020-12-01,240510,1.0,0.0,0.0,0.0,0.0,0.0,0.0,1.0,1.0,0.0,0.0,0.0,0.0,0.0,0.0,1.0
2020-12-01,240530,4.0,0.0,0.0,0.0,0.0,0.0,0.0,4.0,0.0,0.0,0.0,0.0,0.0,0.0,0.0,0.0
2020-12-01,240615,1.0,0.0,0.0,0.0,0.0,0.0,0.0,1.0,0.0,0.0,0.0,0.0,0.0,0.0,0.0,0.0
2020-12-01,240650,1.0,0.0,0.0,0.0,0.0,0.0,0.0,1.0,1.0,0.0,0.0,0.0,0.0,0.0,0.0,1.0
2020-12-01,240660,1.0,0.0,0.0,0.0,0.0,0.0,0.0,1.0,0.0,0.0,0.0,0.0,0.0,0.0,0.0,0.0
2020-12-01,240710,2.0,1.0,0.0,0.0,0.0,0.0,0.0,3.0,0.0,0.0,0.0,0.0,0.0,0.0,0.0,0.0
2020-12-01,240720,1.0,0.0,0.0,0.0,0.0,0.0,0.0,1.0,1.0,0.0,0.0,0.0,0.0,0.0,0.0,1.0
2020-12-01,240750,1.0,0.0,0.0,0.0,0.0,0.0,0.0,1.0,0.0,0.0,0.0,0.0,0.0,0.0,0.0,0.0
2020-12-01,240820,3.0,0.0,0.0,0.0,0.0,0.0,0.0,3.0,0.0,0.0,0.0,0.0,0.0,0.0,0.0,0.0
2020-12-01,240830,1.0,0.0,0.0,0.0,0.0,0.0,0.0,1.0,1.0,0.0,0.0,0.0,0.0,0.0,0.0,1.0
2020-12-01,240940,1.0,0.0,0.0,0.0,0.0,0.0,0.0,1.0,0.0,0.0,0.0,0.0,0.0,0.0,0.0,0.0
2020-12-01,240980,2.0,0.0,0.0,0.0,0.0,0.0,0.0,2.0,1.0,0.0,0.0,0.0,0.0,0.0,0.0,1.0
2020-12-01,241010,1.0,0.0,0.0,0.0,0.0,0.0,0.0,1.0,0.0,0.0,0.0,0.0,0.0,0.0,0.0,0.0
2020-12-01,241030,1.0,0.0,0.0,0.0,0.0,0.0,0.0,1.0,1.0,0.0,0.0,0.0,0.0,0.0,0.0,1.0
2020-12-01,241200,5.0,0.0,1.0,0.0,0.0,0.0,0.0,6.0,0.0,0.0,0.0,0.0,0.0,0.0,0.0,0.0
2020-12-01,241270,1.0,0.0,0.0,0.0,0.0,0.0,0.0,1.0,0.0,0.0,0.0,0.0,0.0,0.0,0.0,0.0
2020-12-01,241280,1.0,0.0,0.0,0.0,0.0,0.0,0.0,1.0,0.0,0.0,0.0,0.0,0.0,0.0,0.0,0.0
2020-12-01,241320,1.0,0.0,0.0,0.0,0.0,0.0,0.0,1.0,0.0,0.0,0.0,0.0,0.0,0.0,0.0,0.0
2020-12-01,241335,1.0,0.0,0.0,0.0,0.0,0.0,0.0,1.0,0.0,0.0,0.0,0.0,0.0,0.0,0.0,0.0
2020-12-01,241390,1.0,0.0,0.0,0.0,0.0,0.0,0.0,1.0,0.0,0.0,0.0,0.0,0.0,0.0,0.0,0.0
2020-12-01,241400,1.0,0.0,0.0,0.0,0.0,0.0,0.0,1.0,1.0,0.0,0.0,0.0,0.0,0.0,0.0,1.0
2020-12-01,241420,1.0,0.0,0.0,0.0,0.0,0.0,0.0,1.0,1.0,0.0,0.0,0.0,0.0,0.0,0.0,1.0
2020-12-01,241440,1.0,0.0,0.0,0.0,0.0,0.0,0.0,1.0,0.0,0.0,0.0,0.0,0.0,0.0,0.0,0.0
2020-12-01,250060,1.0,0.0,0.0,0.0,0.0,0.0,0.0,1.0,0.0,0.0,0.0,0.0,0.0,0.0,0.0,0.0
2020-12-01,250100,1.0,0.0,0.0,0.0,0.0,0.0,0.0,1.0,0.0,0.0,0.0,0.0,0.0,0.0,0.0,0.0
2020-12-01,250130,1.0,0.0,0.0,0.0,0.0,0.0,0.0,1.0,0.0,0.0,0.0,0.0,0.0,0.0,0.0,0.0
2020-12-01,250180,5.0,0.0,0.0,0.0,0.0,0.0,0.0,5.0,0.0,0.0,0.0,0.0,0.0,0.0,0.0,0.0
2020-12-01,250370,3.0,0.0,0.0,0.0,0.0,0.0,0.0,3.0,0.0,0.0,0.0,0.0,0.0,0.0,0.0,0.0
2020-12-01,250460,2.0,1.0,0.0,0.0,0.0,0.0,0.0,3.0,1.0,1.0,0.0,0.0,0.0,0.0,0.0,2.0
2020-12-01,250490,1.0,0.0,0.0,0.0,0.0,0.0,0.0,1.0,0.0,0.0,0.0,0.0,0.0,0.0,0.0,0.0
2020-12-01,250523,1.0,1.0,0.0,0.0,0.0,0.0,0.0,2.0,0.0,0.0,0.0,0.0,0.0,0.0,0.0,0.0
2020-12-01,250550,1.0,0.0,0.0,0.0,0.0,0.0,0.0,1.0,0.0,0.0,0.0,0.0,0.0,0.0,0.0,0.0
2020-12-01,250600,2.0,1.0,0.0,0.0,0.0,0.0,0.0,3.0,0.0,0.0,0.0,0.0,0.0,0.0,0.0,0.0
2020-12-01,250770,1.0,0.0,1.0,0.0,0.0,0.0,0.0,2.0,0.0,0.0,0.0,0.0,0.0,0.0,0.0,0.0
2020-12-01,250800,1.0,0.0,0.0,0.0,0.0,0.0,0.0,1.0,0.0,0.0,0.0,0.0,0.0,0.0,0.0,0.0
2020-12-01,250910,1.0,1.0,0.0,0.0,0.0,0.0,0.0,2.0,1.0,1.0,0.0,0.0,0.0,0.0,0.0,2.0
2020-12-01,250990,2.0,0.0,0.0,0.0,0.0,0.0,0.0,2.0,0.0,0.0,0.0,0.0,0.0,0.0,0.0,0.0
2020-12-01,251010,1.0,2.0,0.0,0.0,0.0,0.0,0.0,3.0,1.0,0.0,0.0,0.0,0.0,0.0,0.0,1.0
2020-12-01,251020,1.0,0.0,0.0,0.0,0.0,0.0,0.0,1.0,0.0,0.0,0.0,0.0,0.0,0.0,0.0,0.0
2020-12-01,251120,1.0,0.0,0.0,0.0,0.0,0.0,0.0,1.0,0.0,0.0,0.0,0.0,0.0,0.0,0.0,0.0
2020-12-01,251170,1.0,0.0,0.0,0.0,0.0,0.0,0.0,1.0,0.0,0.0,0.0,0.0,0.0,0.0,0.0,0.0
2020-12-01,251180,1.0,0.0,0.0,0.0,0.0,0.0,0.0,1.0,0.0,0.0,0.0,0.0,0.0,0.0,0.0,0.0
2020-12-01,251220,1.0,0.0,0.0,0.0,0.0,0.0,0.0,1.0,0.0,0.0,0.0,0.0,0.0,0.0,0.0,0.0
2020-12-01,251270,1.0,0.0,0.0,0.0,0.0,0.0,0.0,1.0,0.0,0.0,0.0,0.0,0.0,0.0,0.0,0.0
2020-12-01,251370,2.0,3.0,0.0,0.0,0.0,0.0,0.0,5.0,0.0,0.0,0.0,0.0,0.0,0.0,0.0,0.0
2020-12-01,251385,1.0,0.0,0.0,0.0,0.0,0.0,0.0,1.0,0.0,0.0,0.0,0.0,0.0,0.0,0.0,0.0
2020-12-01,251450,1.0,0.0,0.0,0.0,0.0,0.0,0.0,1.0,0.0,0.0,0.0,0.0,0.0,0.0,0.0,0.0
2020-12-01,251650,1.0,0.0,0.0,0.0,0.0,0.0,0.0,1.0,0.0,0.0,0.0,0.0,0.0,0.0,0.0,0.0
2020-12-01,251670,2.0,0.0,0.0,0.0,0.0,0.0,0.0,2.0,0.0,0.0,0.0,0.0,0.0,0.0,0.0,0.0
2020-12-01,251710,1.0,0.0,0.0,0.0,0.0,0.0,0.0,1.0,0.0,0.0,0.0,0.0,0.0,0.0,0.0,0.0
2020-12-01,260070,2.0,0.0,0.0,0.0,0.0,0.0,0.0,2.0,1.0,0.0,0.0,0.0,0.0,0.0,0.0,1.0
2020-12-01,260090,3.0,1.0,0.0,0.0,0.0,0.0,0.0,4.0,0.0,1.0,0.0,0.0,0.0,0.0,0.0,1.0
2020-12-01,260160,2.0,0.0,0.0,0.0,0.0,0.0,0.0,2.0,0.0,0.0,0.0,0.0,0.0,0.0,0.0,0.0
2020-12-01,260170,1.0,0.0,0.0,0.0,0.0,0.0,0.0,1.0,0.0,0.0,0.0,0.0,0.0,0.0,0.0,0.0
2020-12-01,260220,4.0,0.0,0.0,0.0,0.0,0.0,0.0,4.0,1.0,0.0,0.0,0.0,0.0,0.0,0.0,1.0
2020-12-01,260230,5.0,0.0,0.0,0.0,0.0,0.0,0.0,5.0,0.0,0.0,0.0,0.0,0.0,0.0,0.0,0.0
2020-12-01,260260,2.0,0.0,0.0,0.0,0.0,0.0,0.0,2.0,0.0,0.0,0.0,0.0,0.0,0.0,0.0,0.0
2020-12-01,260280,1.0,0.0,0.0,0.0,0.0,0.0,0.0,1.0,1.0,0.0,0.0,0.0,0.0,0.0,0.0,1.0
2020-12-01,260415,1.0,0.0,1.0,0.0,0.0,0.0,0.0,2.0,0.0,0.0,0.0,0.0,0.0,0.0,0.0,0.0
2020-12-01,260500,1.0,0.0,0.0,0.0,0.0,0.0,0.0,1.0,0.0,0.0,0.0,0.0,0.0,0.0,0.0,0.0
2020-12-01,260515,1.0,1.0,0.0,0.0,0.0,0.0,0.0,2.0,0.0,1.0,0.0,0.0,0.0,0.0,0.0,1.0
2020-12-01,260520,5.0,0.0,0.0,0.0,0.0,0.0,0.0,5.0,0.0,0.0,0.0,0.0,0.0,0.0,0.0,0.0
2020-12-01,260550,1.0,0.0,0.0,0.0,0.0,0.0,0.0,1.0,1.0,0.0,0.0,0.0,0.0,0.0,0.0,1.0
2020-12-01,260580,1.0,0.0,0.0,0.0,0.0,0.0,0.0,1.0,1.0,0.0,0.0,0.0,0.0,0.0,0.0,1.0
2020-12-01,260640,3.0,0.0,0.0,0.0,0.0,0.0,0.0,3.0,0.0,0.0,0.0,0.0,0.0,0.0,0.0,0.0
2020-12-01,260680,5.0,2.0,0.0,0.0,0.0,0.0,0.0,7.0,0.0,0.0,0.0,0.0,0.0,0.0,0.0,0.0
2020-12-01,260720,2.0,0.0,2.0,0.0,1.0,0.0,0.0,5.0,0.0,0.0,2.0,0.0,0.0,0.0,0.0,2.0
2020-12-01,260765,1.0,1.0,0.0,0.0,0.0,0.0,0.0,2.0,0.0,0.0,0.0,0.0,0.0,0.0,0.0,0.0
2020-12-01,260770,2.0,1.0,0.0,0.0,0.0,0.0,0.0,3.0,2.0,1.0,0.0,0.0,0.0,0.0,0.0,3.0
2020-12-01,260820,1.0,0.0,0.0,0.0,0.0,0.0,0.0,1.0,0.0,0.0,0.0,0.0,0.0,0.0,0.0,0.0
2020-12-01,260850,3.0,0.0,0.0,0.0,0.0,0.0,0.0,3.0,0.0,0.0,0.0,0.0,0.0,0.0,0.0,0.0
2020-12-01,260900,1.0,0.0,0.0,0.0,0.0,0.0,0.0,1.0,0.0,0.0,0.0,0.0,0.0,0.0,0.0,0.0
2020-12-01,260940,2.0,2.0,0.0,0.0,0.0,0.0,0.0,4.0,0.0,2.0,0.0,0.0,0.0,0.0,0.0,2.0
2020-12-01,261000,2.0,3.0,0.0,0.0,0.0,0.0,0.0,5.0,0.0,2.0,0.0,0.0,0.0,0.0,0.0,2.0
2020-12-01,261080,3.0,0.0,0.0,0.0,0.0,0.0,0.0,3.0,0.0,0.0,0.0,0.0,0.0,0.0,0.0,0.0
2020-12-01,261090,1.0,0.0,0.0,0.0,0.0,0.0,0.0,1.0,0.0,0.0,0.0,0.0,0.0,0.0,0.0,0.0
2020-12-01,261100,1.0,0.0,0.0,0.0,0.0,0.0,0.0,1.0,0.0,0.0,0.0,0.0,0.0,0.0,0.0,0.0
2020-12-01,261190,4.0,1.0,0.0,0.0,0.0,0.0,0.0,5.0,1.0,0.0,0.0,0.0,0.0,0.0,0.0,1.0
2020-12-01,261360,1.0,0.0,0.0,0.0,0.0,0.0,0.0,1.0,0.0,0.0,0.0,0.0,0.0,0.0,0.0,0.0
2020-12-01,261420,1.0,0.0,0.0,0.0,0.0,0.0,0.0,1.0,0.0,0.0,0.0,0.0,0.0,0.0,0.0,0.0
2020-12-01,261430,1.0,0.0,0.0,0.0,0.0,0.0,0.0,1.0,0.0,0.0,0.0,0.0,0.0,0.0,0.0,0.0
2020-12-01,261440,2.0,0.0,0.0,0.0,0.0,0.0,0.0,2.0,0.0,0.0,0.0,0.0,0.0,0.0,0.0,0.0
2020-12-01,261485,5.0,0.0,0.0,0.0,0.0,0.0,0.0,5.0,0.0,0.0,0.0,0.0,0.0,0.0,0.0,0.0
2020-12-01,261560,1.0,1.0,0.0,0.0,0.0,0.0,0.0,2.0,0.0,0.0,0.0,0.0,0.0,0.0,0.0,0.0
2020-12-01,261580,1.0,0.0,0.0,0.0,0.0,0.0,0.0,1.0,1.0,0.0,0.0,0.0,0.0,0.0,0.0,1.0
2020-12-01,270050,3.0,0.0,0.0,0.0,0.0,0.0,0.0,3.0,1.0,0.0,0.0,0.0,0.0,0.0,0.0,1.0
2020-12-01,270060,2.0,2.0,0.0,0.0,0.0,0.0,0.0,4.0,0.0,0.0,0.0,0.0,0.0,0.0,0.0,0.0
2020-12-01,270070,2.0,0.0,0.0,0.0,0.0,0.0,0.0,2.0,0.0,0.0,0.0,0.0,0.0,0.0,0.0,0.0
2020-12-01,270090,1.0,0.0,0.0,0.0,0.0,0.0,0.0,1.0,1.0,0.0,0.0,0.0,0.0,0.0,0.0,1.0
2020-12-01,270110,2.0,0.0,0.0,0.0,0.0,0.0,0.0,2.0,0.0,0.0,0.0,0.0,0.0,0.0,0.0,0.0
2020-12-01,270130,1.0,2.0,0.0,0.0,0.0,0.0,0.0,3.0,0.0,1.0,0.0,0.0,0.0,0.0,0.0,1.0
2020-12-01,270190,1.0,1.0,0.0,0.0,0.0,0.0,0.0,2.0,0.0,0.0,0.0,0.0,0.0,0.0,0.0,0.0
2020-12-01,270250,2.0,1.0,0.0,0.0,0.0,0.0,0.0,3.0,1.0,1.0,0.0,0.0,0.0,0.0,0.0,2.0
2020-12-01,270260,1.0,0.0,0.0,0.0,0.0,0.0,0.0,1.0,0.0,0.0,0.0,0.0,0.0,0.0,0.0,0.0
2020-12-01,270280,1.0,1.0,0.0,0.0,0.0,0.0,0.0,2.0,0.0,0.0,0.0,0.0,0.0,0.0,0.0,0.0
2020-12-01,270290,1.0,0.0,1.0,0.0,0.0,0.0,0.0,2.0,0.0,0.0,0.0,0.0,0.0,0.0,0.0,0.0
2020-12-01,270320,1.0,0.0,0.0,0.0,0.0,0.0,0.0,1.0,0.0,0.0,0.0,0.0,0.0,0.0,0.0,0.0
2020-12-01,270350,4.0,0.0,0.0,0.0,0.0,0.0,0.0,4.0,0.0,0.0,0.0,0.0,0.0,0.0,0.0,0.0
2020-12-01,270410,4.0,1.0,0.0,0.0,0.0,0.0,0.0,5.0,0.0,1.0,0.0,0.0,0.0,0.0,0.0,1.0
2020-12-01,270450,2.0,0.0,0.0,0.0,0.0,0.0,0.0,2.0,1.0,0.0,0.0,0.0,0.0,0.0,0.0,1.0
2020-12-01,270480,1.0,0.0,0.0,0.0,0.0,0.0,0.0,1.0,0.0,0.0,0.0,0.0,0.0,0.0,0.0,0.0
2020-12-01,270500,1.0,2.0,0.0,0.0,0.0,0.0,0.0,3.0,0.0,0.0,0.0,0.0,0.0,0.0,0.0,0.0
2020-12-01,270520,2.0,0.0,1.0,0.0,0.0,0.0,0.0,3.0,0.0,0.0,0.0,0.0,0.0,0.0,0.0,0.0
2020-12-01,270540,1.0,0.0,0.0,0.0,0.0,0.0,0.0,1.0,0.0,0.0,0.0,0.0,0.0,0.0,0.0,0.0
2020-12-01,270560,1.0,0.0,0.0,0.0,0.0,0.0,0.0,1.0,0.0,0.0,0.0,0.0,0.0,0.0,0.0,0.0
2020-12-01,270640,1.0,0.0,0.0,0.0,0.0,0.0,0.0,1.0,0.0,0.0,0.0,0.0,0.0,0.0,0.0,0.0
2020-12-01,270670,1.0,1.0,0.0,0.0,0.0,0.0,0.0,2.0,0.0,1.0,0.0,0.0,0.0,0.0,0.0,1.0
2020-12-01,270880,3.0,0.0,0.0,0.0,0.0,0.0,0.0,3.0,0.0,0.0,0.0,0.0,0.0,0.0,0.0,0.0
2020-12-01,270890,1.0,0.0,1.0,0.0,0.0,0.0,0.0,2.0,1.0,0.0,1.0,0.0,0.0,0.0,0.0,2.0
2020-12-01,270895,4.0,1.0,0.0,0.0,0.0,0.0,0.0,5.0,1.0,1.0,0.0,0.0,0.0,0.0,0.0,2.0
2020-12-01,270940,1.0,3.0,0.0,0.0,0.0,0.0,0.0,4.0,1.0,0.0,0.0,0.0,0.0,0.0,0.0,1.0
2020-12-01,280070,1.0,0.0,0.0,0.0,0.0,0.0,0.0,1.0,1.0,0.0,0.0,0.0,0.0,0.0,0.0,1.0
2020-12-01,280130,1.0,0.0,0.0,0.0,0.0,0.0,0.0,1.0,0.0,0.0,0.0,0.0,0.0,0.0,0.0,0.0
2020-12-01,280210,2.0,0.0,0.0,0.0,0.0,0.0,0.0,2.0,1.0,0.0,0.0,0.0,0.0,0.0,0.0,1.0
2020-12-01,280310,2.0,0.0,0.0,0.0,0.0,0.0,0.0,2.0,0.0,0.0,0.0,0.0,0.0,0.0,0.0,0.0
2020-12-01,280320,1.0,0.0,0.0,0.0,0.0,0.0,0.0,1.0,0.0,0.0,0.0,0.0,0.0,0.0,0.0,0.0
2020-12-01,280420,1.0,0.0,0.0,0.0,0.0,0.0,0.0,1.0,1.0,0.0,0.0,0.0,0.0,0.0,0.0,1.0
2020-12-01,280460,1.0,0.0,0.0,0.0,0.0,0.0,0.0,1.0,0.0,0.0,0.0,0.0,0.0,0.0,0.0,0.0
2020-12-01,280480,2.0,1.0,1.0,0.0,0.0,0.0,0.0,4.0,0.0,0.0,1.0,0.0,0.0,0.0,0.0,1.0
2020-12-01,280490,1.0,0.0,0.0,0.0,0.0,0.0,0.0,1.0,0.0,0.0,0.0,0.0,0.0,0.0,0.0,0.0
2020-12-01,280530,2.0,0.0,0.0,0.0,0.0,0.0,0.0,2.0,2.0,0.0,0.0,0.0,0.0,0.0,0.0,2.0
2020-12-01,280590,1.0,0.0,0.0,0.0,0.0,0.0,0.0,1.0,0.0,0.0,0.0,0.0,0.0,0.0,0.0,0.0
2020-12-01,280670,4.0,0.0,0.0,0.0,0.0,0.0,0.0,4.0,2.0,0.0,0.0,0.0,0.0,0.0,0.0,2.0
2020-12-01,280760,1.0,0.0,0.0,0.0,0.0,0.0,0.0,1.0,1.0,0.0,0.0,0.0,0.0,0.0,0.0,1.0
2020-12-01,290020,1.0,0.0,0.0,0.0,0.0,0.0,0.0,1.0,0.0,0.0,0.0,0.0,0.0,0.0,0.0,0.0
2020-12-01,290135,2.0,0.0,0.0,0.0,0.0,0.0,0.0,2.0,1.0,0.0,0.0,0.0,0.0,0.0,0.0,1.0
2020-12-01,290195,1.0,0.0,0.0,0.0,0.0,0.0,0.0,1.0,1.0,0.0,0.0,0.0,0.0,0.0,0.0,1.0
2020-12-01,290720,2.0,2.0,0.0,0.0,0.0,0.0,0.0,4.0,2.0,0.0,0.0,0.0,0.0,0.0,0.0,2.0
2020-12-01,290940,2.0,0.0,0.0,0.0,0.0,0.0,0.0,2.0,0.0,0.0,0.0,0.0,0.0,0.0,0.0,0.0
2020-12-01,290990,1.0,0.0,0.0,0.0,0.0,0.0,0.0,1.0,0.0,0.0,0.0,0.0,0.0,0.0,0.0,0.0
2020-12-01,291060,1.0,0.0,0.0,0.0,0.0,0.0,0.0,1.0,0.0,0.0,0.0,0.0,0.0,0.0,0.0,0.0
2020-12-01,291140,1.0,0.0,0.0,0.0,0.0,0.0,0.0,1.0,0.0,0.0,0.0,0.0,0.0,0.0,0.0,0.0
2020-12-01,291400,1.0,0.0,1.0,0.0,0.0,0.0,0.0,2.0,0.0,0.0,0.0,0.0,0.0,0.0,0.0,0.0
2020-12-01,291410,1.0,0.0,0.0,0.0,0.0,0.0,0.0,1.0,0.0,0.0,0.0,0.0,0.0,0.0,0.0,0.0
2020-12-01,291480,1.0,2.0,0.0,0.0,0.0,0.0,0.0,3.0,0.0,0.0,0.0,0.0,0.0,0.0,0.0,0.0
2020-12-01,291500,1.0,0.0,0.0,0.0,0.0,0.0,0.0,1.0,1.0,0.0,0.0,0.0,0.0,0.0,0.0,1.0
2020-12-01,291770,2.0,0.0,0.0,0.0,0.0,0.0,0.0,2.0,0.0,0.0,0.0,0.0,0.0,0.0,0.0,0.0
2020-12-01,291810,1.0,0.0,0.0,0.0,0.0,0.0,0.0,1.0,1.0,0.0,0.0,0.0,0.0,0.0,0.0,1.0
2020-12-01,291900,1.0,0.0,0.0,0.0,0.0,0.0,0.0,1.0,1.0,0.0,0.0,0.0,0.0,0.0,0.0,1.0
2020-12-01,292290,1.0,0.0,0.0,0.0,0.0,0.0,0.0,1.0,0.0,0.0,0.0,0.0,0.0,0.0,0.0,0.0
2020-12-01,292360,1.0,1.0,1.0,0.0,0.0,0.0,0.0,3.0,1.0,1.0,0.0,0.0,0.0,0.0,0.0,2.0
2020-12-01,292420,1.0,0.0,0.0,0.0,0.0,0.0,0.0,1.0,0.0,0.0,0.0,0.0,0.0,0.0,0.0,0.0
2020-12-01,292460,1.0,0.0,0.0,0.0,0.0,0.0,0.0,1.0,0.0,0.0,0.0,0.0,0.0,0.0,0.0,0.0
2020-12-01,292465,1.0,0.0,0.0,0.0,0.0,0.0,0.0,1.0,1.0,0.0,0.0,0.0,0.0,0.0,0.0,1.0
2020-12-01,292595,1.0,0.0,0.0,0.0,0.0,0.0,0.0,1.0,0.0,0.0,0.0,0.0,0.0,0.0,0.0,0.0
2020-12-01,292660,1.0,1.0,0.0,0.0,0.0,0.0,0.0,2.0,0.0,0.0,0.0,0.0,0.0,0.0,0.0,0.0
2020-12-01,292810,1.0,1.0,0.0,0.0,0.0,0.0,0.0,2.0,0.0,1.0,0.0,0.0,0.0,0.0,0.0,1.0
2020-12-01,292860,1.0,2.0,0.0,0.0,0.0,0.0,0.0,3.0,0.0,1.0,0.0,0.0,0.0,0.0,0.0,1.0
2020-12-01,292960,3.0,0.0,0.0,0.0,0.0,0.0,0.0,3.0,0.0,0.0,0.0,0.0,0.0,0.0,0.0,0.0
2020-12-01,293010,1.0,0.0,0.0,0.0,0.0,0.0,0.0,1.0,0.0,0.0,0.0,0.0,0.0,0.0,0.0,0.0
2020-12-01,293020,1.0,0.0,0.0,0.0,0.0,0.0,0.0,1.0,1.0,0.0,0.0,0.0,0.0,0.0,0.0,1.0
2020-12-01,293070,2.0,2.0,0.0,0.0,0.0,0.0,0.0,4.0,0.0,1.0,0.0,0.0,0.0,0.0,0.0,1.0
2020-12-01,293077,2.0,2.0,0.0,0.0,0.0,0.0,0.0,4.0,1.0,0.0,0.0,0.0,0.0,0.0,0.0,1.0
2020-12-01,293135,1.0,0.0,0.0,0.0,0.0,0.0,0.0,1.0,0.0,0.0,0.0,0.0,0.0,0.0,0.0,0.0
2020-12-01,293160,1.0,0.0,0.0,0.0,0.0,0.0,0.0,1.0,0.0,0.0,0.0,0.0,0.0,0.0,0.0,0.0
2020-12-01,293245,1.0,0.0,0.0,0.0,0.0,0.0,0.0,1.0,0.0,0.0,0.0,0.0,0.0,0.0,0.0,0.0
2020-12-01,293290,1.0,0.0,0.0,0.0,0.0,0.0,0.0,1.0,1.0,0.0,0.0,0.0,0.0,0.0,0.0,1.0
2020-12-01,293320,1.0,1.0,0.0,0.0,0.0,0.0,0.0,2.0,0.0,0.0,0.0,0.0,0.0,0.0,0.0,0.0
2020-12-01,310020,3.0,0.0,4.0,0.0,0.0,0.0,0.0,7.0,2.0,0.0,0.0,0.0,0.0,0.0,0.0,2.0
2020-12-01,310160,1.0,0.0,0.0,0.0,0.0,0.0,0.0,1.0,0.0,0.0,0.0,0.0,0.0,0.0,0.0,0.0
2020-12-01,310200,1.0,0.0,0.0,0.0,0.0,0.0,0.0,1.0,0.0,0.0,0.0,0.0,0.0,0.0,0.0,0.0
2020-12-01,310410,2.0,2.0,0.0,0.0,0.0,0.0,0.0,4.0,1.0,0.0,0.0,0.0,0.0,0.0,0.0,1.0
2020-12-01,310460,1.0,0.0,0.0,0.0,0.0,0.0,0.0,1.0,0.0,0.0,0.0,0.0,0.0,0.0,0.0,0.0
2020-12-01,310590,1.0,0.0,0.0,0.0,0.0,0.0,0.0,1.0,0.0,0.0,0.0,0.0,0.0,0.0,0.0,0.0
2020-12-01,310630,1.0,0.0,0.0,0.0,0.0,0.0,0.0,1.0,1.0,0.0,0.0,0.0,0.0,0.0,0.0,1.0
2020-12-01,310710,1.0,3.0,0.0,0.0,0.0,0.0,0.0,4.0,1.0,1.0,0.0,0.0,0.0,0.0,0.0,2.0
2020-12-01,310825,1.0,0.0,0.0,0.0,0.0,0.0,0.0,1.0,0.0,0.0,0.0,0.0,0.0,0.0,0.0,0.0
2020-12-01,310830,1.0,0.0,1.0,0.0,0.0,0.0,0.0,2.0,0.0,0.0,0.0,0.0,0.0,0.0,0.0,0.0
2020-12-01,310890,1.0,1.0,0.0,0.0,0.0,0.0,0.0,2.0,0.0,0.0,0.0,0.0,0.0,0.0,0.0,0.0
2020-12-01,310950,1.0,0.0,0.0,0.0,0.0,0.0,0.0,1.0,1.0,0.0,0.0,0.0,0.0,0.0,0.0,1.0
2020-12-01,311000,4.0,0.0,0.0,0.0,0.0,0.0,0.0,4.0,2.0,0.0,0.0,0.0,0.0,0.0,0.0,2.0
2020-12-01,311030,1.0,0.0,0.0,0.0,0.0,0.0,0.0,1.0,1.0,0.0,0.0,0.0,0.0,0.0,0.0,1.0
2020-12-01,311090,1.0,3.0,0.0,0.0,0.0,0.0,0.0,4.0,0.0,0.0,0.0,0.0,0.0,0.0,0.0,0.0
2020-12-01,311260,1.0,0.0,0.0,0.0,0.0,0.0,0.0,1.0,0.0,0.0,0.0,0.0,0.0,0.0,0.0,0.0
2020-12-01,311390,1.0,0.0,0.0,0.0,0.0,0.0,0.0,1.0,0.0,0.0,0.0,0.0,0.0,0.0,0.0,0.0
2020-12-01,311440,3.0,4.0,0.0,0.0,0.0,0.0,0.0,7.0,0.0,0.0,0.0,0.0,0.0,0.0,0.0,0.0
2020-12-01,311530,7.0,0.0,0.0,0.0,0.0,0.0,0.0,7.0,1.0,0.0,0.0,0.0,0.0,0.0,0.0,1.0
2020-12-01,311550,2.0,0.0,0.0,0.0,0.0,0.0,0.0,2.0,0.0,0.0,0.0,0.0,0.0,0.0,0.0,0.0
2020-12-01,311600,1.0,0.0,0.0,0.0,0.0,0.0,0.0,1.0,0.0,0.0,0.0,0.0,0.0,0.0,0.0,0.0
2020-12-01,311710,1.0,1.0,0.0,0.0,0.0,0.0,0.0,2.0,0.0,0.0,0.0,0.0,0.0,0.0,0.0,0.0
2020-12-01,311770,5.0,1.0,0.0,0.0,0.0,0.0,0.0,6.0,3.0,0.0,0.0,0.0,0.0,0.0,0.0,3.0
2020-12-01,311910,1.0,0.0,0.0,0.0,0.0,0.0,0.0,1.0,1.0,0.0,0.0,0.0,0.0,0.0,0.0,1.0
2020-12-01,312083,1.0,0.0,0.0,0.0,0.0,0.0,0.0,1.0,1.0,0.0,0.0,0.0,0.0,0.0,0.0,1.0
2020-12-01,312100,1.0,0.0,0.0,0.0,0.0,0.0,0.0,1.0,1.0,0.0,0.0,0.0,0.0,0.0,0.0,1.0
2020-12-01,312140,1.0,0.0,0.0,0.0,0.0,0.0,0.0,1.0,0.0,0.0,0.0,0.0,0.0,0.0,0.0,0.0
2020-12-01,312320,1.0,0.0,0.0,0.0,0.0,0.0,0.0,1.0,0.0,0.0,0.0,0.0,0.0,0.0,0.0,0.0
2020-12-01,312380,1.0,0.0,0.0,0.0,0.0,0.0,0.0,1.0,0.0,0.0,0.0,0.0,0.0,0.0,0.0,0.0
2020-12-01,312510,1.0,0.0,0.0,0.0,0.0,0.0,0.0,1.0,1.0,0.0,0.0,0.0,0.0,0.0,0.0,1.0
2020-12-01,312610,1.0,0.0,0.0,0.0,0.0,0.0,0.0,1.0,1.0,0.0,0.0,0.0,0.0,0.0,0.0,1.0
2020-12-01,312810,1.0,0.0,0.0,0.0,0.0,0.0,0.0,1.0,0.0,0.0,0.0,0.0,0.0,0.0,0.0,0.0
2020-12-01,312870,7.0,0.0,1.0,0.0,0.0,0.0,0.0,8.0,3.0,0.0,0.0,0.0,0.0,0.0,0.0,3.0
2020-12-01,313050,1.0,1.0,0.0,0.0,0.0,0.0,0.0,2.0,0.0,1.0,0.0,0.0,0.0,0.0,0.0,1.0
2020-12-01,313410,1.0,0.0,0.0,0.0,0.0,0.0,0.0,1.0,1.0,0.0,0.0,0.0,0.0,0.0,0.0,1.0
2020-12-01,313480,1.0,0.0,0.0,0.0,0.0,0.0,0.0,1.0,1.0,0.0,0.0,0.0,0.0,0.0,0.0,1.0
2020-12-01,313520,1.0,0.0,0.0,0.0,0.0,0.0,0.0,1.0,1.0,0.0,0.0,0.0,0.0,0.0,0.0,1.0
2020-12-01,313740,1.0,0.0,0.0,0.0,0.0,0.0,0.0,1.0,0.0,0.0,0.0,0.0,0.0,0.0,0.0,0.0
2020-12-01,313780,1.0,2.0,0.0,0.0,0.0,0.0,0.0,3.0,0.0,1.0,0.0,0.0,0.0,0.0,0.0,1.0
2020-12-01,313820,4.0,9.0,0.0,0.0,0.0,0.0,0.0,13.0,2.0,2.0,0.0,0.0,0.0,0.0,0.0,4.0
2020-12-01,313910,1.0,0.0,0.0,0.0,0.0,0.0,0.0,1.0,0.0,0.0,0.0,0.0,0.0,0.0,0.0,0.0
2020-12-01,313940,1.0,1.0,0.0,0.0,0.0,0.0,0.0,2.0,0.0,1.0,0.0,0.0,0.0,0.0,0.0,1.0
2020-12-01,314140,1.0,0.0,0.0,0.0,0.0,0.0,0.0,1.0,0.0,0.0,0.0,0.0,0.0,0.0,0.0,0.0
2020-12-01,314290,1.0,0.0,0.0,0.0,0.0,0.0,0.0,1.0,0.0,0.0,0.0,0.0,0.0,0.0,0.0,0.0
2020-12-01,314300,1.0,1.0,1.0,0.0,0.0,0.0,0.0,3.0,1.0,0.0,0.0,0.0,0.0,0.0,0.0,1.0
2020-12-01,314340,1.0,0.0,0.0,0.0,0.0,0.0,0.0,1.0,0.0,0.0,0.0,0.0,0.0,0.0,0.0,0.0
2020-12-01,314470,1.0,0.0,0.0,0.0,0.0,0.0,0.0,1.0,0.0,0.0,0.0,0.0,0.0,0.0,0.0,0.0
2020-12-01,314505,1.0,1.0,0.0,0.0,0.0,0.0,0.0,2.0,1.0,0.0,0.0,0.0,0.0,0.0,0.0,1.0
2020-12-01,314510,1.0,0.0,0.0,0.0,0.0,0.0,0.0,1.0,0.0,0.0,0.0,0.0,0.0,0.0,0.0,0.0
2020-12-01,314587,1.0,0.0,0.0,0.0,0.0,0.0,0.0,1.0,1.0,0.0,0.0,0.0,0.0,0.0,0.0,1.0
2020-12-01,314590,1.0,0.0,0.0,0.0,0.0,0.0,0.0,1.0,1.0,0.0,0.0,0.0,0.0,0.0,0.0,1.0
2020-12-01,314600,4.0,0.0,0.0,0.0,0.0,0.0,0.0,4.0,2.0,0.0,0.0,0.0,0.0,0.0,0.0,2.0
2020-12-01,314660,1.0,0.0,0.0,0.0,0.0,0.0,0.0,1.0,0.0,0.0,0.0,0.0,0.0,0.0,0.0,0.0
2020-12-01,314700,2.0,1.0,0.0,0.0,0.0,0.0,0.0,3.0,0.0,1.0,0.0,0.0,0.0,0.0,0.0,1.0
2020-12-01,314720,1.0,0.0,0.0,0.0,0.0,0.0,0.0,1.0,1.0,0.0,0.0,0.0,0.0,0.0,0.0,1.0
2020-12-01,314790,2.0,1.0,1.0,0.0,0.0,0.0,0.0,4.0,0.0,0.0,1.0,0.0,0.0,0.0,0.0,1.0
2020-12-01,315070,1.0,0.0,0.0,0.0,0.0,0.0,0.0,1.0,1.0,0.0,0.0,0.0,0.0,0.0,0.0,1.0
2020-12-01,315190,1.0,0.0,0.0,0.0,0.0,0.0,0.0,1.0,0.0,0.0,0.0,0.0,0.0,0.0,0.0,0.0
2020-12-01,315210,2.0,0.0,0.0,0.0,0.0,0.0,0.0,2.0,1.0,0.0,0.0,0.0,0.0,0.0,0.0,1.0
2020-12-01,315290,3.0,1.0,0.0,0.0,0.0,0.0,0.0,4.0,1.0,0.0,0.0,0.0,0.0,0.0,0.0,1.0
2020-12-01,315390,1.0,0.0,0.0,0.0,0.0,0.0,0.0,1.0,0.0,0.0,0.0,0.0,0.0,0.0,0.0,0.0
2020-12-01,315430,1.0,1.0,0.0,0.0,0.0,0.0,0.0,2.0,1.0,1.0,0.0,0.0,0.0,0.0,0.0,2.0
2020-12-01,315470,2.0,0.0,0.0,0.0,0.0,0.0,0.0,2.0,1.0,0.0,0.0,0.0,0.0,0.0,0.0,1.0
2020-12-01,315690,1.0,2.0,1.0,0.0,0.0,0.0,0.0,4.0,0.0,0.0,0.0,0.0,0.0,0.0,0.0,0.0
2020-12-01,315790,1.0,0.0,0.0,0.0,0.0,0.0,0.0,1.0,0.0,0.0,0.0,0.0,0.0,0.0,0.0,0.0
2020-12-01,316100,1.0,0.0,0.0,0.0,0.0,0.0,0.0,1.0,0.0,0.0,0.0,0.0,0.0,0.0,0.0,0.0
2020-12-01,316294,2.0,0.0,0.0,0.0,0.0,0.0,0.0,2.0,0.0,0.0,0.0,0.0,0.0,0.0,0.0,0.0
2020-12-01,316470,11.0,7.0,0.0,0.0,0.0,0.0,0.0,18.0,4.0,0.0,0.0,0.0,0.0,0.0,0.0,4.0
2020-12-01,316510,1.0,0.0,0.0,0.0,0.0,0.0,0.0,1.0,1.0,0.0,0.0,0.0,0.0,0.0,0.0,1.0
2020-12-01,316520,1.0,1.0,0.0,0.0,0.0,0.0,0.0,2.0,0.0,0.0,0.0,0.0,0.0,0.0,0.0,0.0
2020-12-01,316590,1.0,0.0,0.0,0.0,0.0,0.0,0.0,1.0,0.0,0.0,0.0,0.0,0.0,0.0,0.0,0.0
2020-12-01,316760,2.0,0.0,0.0,0.0,0.0,0.0,0.0,2.0,0.0,0.0,0.0,0.0,0.0,0.0,0.0,0.0
2020-12-01,316930,1.0,2.0,0.0,0.0,0.0,0.0,0.0,3.0,0.0,0.0,0.0,0.0,0.0,0.0,0.0,0.0
2020-12-01,317103,1.0,0.0,0.0,0.0,0.0,0.0,0.0,1.0,0.0,0.0,0.0,0.0,0.0,0.0,0.0,0.0
2020-12-01,320040,1.0,0.0,0.0,0.0,0.0,0.0,0.0,1.0,1.0,0.0,0.0,0.0,0.0,0.0,0.0,1.0
2020-12-01,320070,2.0,0.0,0.0,0.0,0.0,0.0,0.0,2.0,0.0,0.0,0.0,0.0,0.0,0.0,0.0,0.0
2020-12-01,320160,3.0,0.0,0.0,0.0,0.0,0.0,0.0,3.0,0.0,0.0,0.0,0.0,0.0,0.0,0.0,0.0
2020-12-01,320240,2.0,1.0,0.0,0.0,0.0,0.0,0.0,3.0,1.0,0.0,0.0,0.0,0.0,0.0,0.0,1.0
2020-12-01,320245,1.0,1.0,0.0,0.0,0.0,0.0,0.0,2.0,0.0,0.0,0.0,0.0,0.0,0.0,0.0,0.0
2020-12-01,320330,1.0,0.0,0.0,0.0,0.0,0.0,0.0,1.0,0.0,0.0,0.0,0.0,0.0,0.0,0.0,0.0
2020-12-01,320340,2.0,1.0,1.0,0.0,0.0,0.0,0.0,4.0,0.0,1.0,0.0,0.0,0.0,0.0,0.0,1.0
2020-12-01,320370,1.0,0.0,0.0,0.0,0.0,0.0,0.0,1.0,0.0,0.0,0.0,0.0,0.0,0.0,0.0,0.0
2020-12-01,320435,1.0,1.0,0.0,0.0,0.0,0.0,0.0,2.0,1.0,0.0,0.0,0.0,0.0,0.0,0.0,1.0
2020-12-01,320503,1.0,0.0,0.0,0.0,0.0,0.0,0.0,1.0,0.0,0.0,0.0,0.0,0.0,0.0,0.0,0.0
2020-12-01,320515,3.0,0.0,1.0,0.0,0.0,0.0,0.0,4.0,0.0,0.0,0.0,0.0,0.0,0.0,0.0,0.0
2020-12-01,330010,3.0,1.0,1.0,0.0,0.0,0.0,0.0,5.0,0.0,0.0,1.0,0.0,0.0,0.0,0.0,1.0
2020-12-01,330022,6.0,1.0,0.0,0.0,0.0,0.0,0.0,7.0,0.0,0.0,0.0,0.0,0.0,0.0,0.0,0.0
2020-12-01,330025,1.0,1.0,0.0,0.0,0.0,0.0,0.0,2.0,0.0,1.0,0.0,0.0,0.0,0.0,0.0,1.0
2020-12-01,330030,6.0,1.0,0.0,0.0,0.0,0.0,0.0,7.0,0.0,0.0,0.0,0.0,0.0,0.0,0.0,0.0
2020-12-01,330045,2.0,1.0,0.0,0.0,0.0,0.0,0.0,3.0,0.0,1.0,0.0,0.0,0.0,0.0,0.0,1.0
2020-12-01,330050,2.0,2.0,0.0,0.0,0.0,0.0,0.0,4.0,0.0,0.0,0.0,0.0,0.0,0.0,0.0,0.0
2020-12-01,330080,9.0,1.0,0.0,0.0,0.0,0.0,0.0,10.0,2.0,0.0,0.0,0.0,0.0,0.0,0.0,2.0
2020-12-01,330093,5.0,0.0,0.0,0.0,0.0,0.0,0.0,5.0,0.0,0.0,0.0,0.0,0.0,0.0,0.0,0.0
2020-12-01,330095,1.0,0.0,0.0,0.0,0.0,0.0,0.0,1.0,0.0,0.0,0.0,0.0,0.0,0.0,0.0,0.0
2020-12-01,330110,1.0,0.0,0.0,0.0,0.0,0.0,0.0,1.0,1.0,0.0,0.0,0.0,0.0,0.0,0.0,1.0
2020-12-01,330115,1.0,0.0,0.0,0.0,0.0,0.0,0.0,1.0,0.0,0.0,0.0,0.0,0.0,0.0,0.0,0.0
2020-12-01,330140,2.0,0.0,0.0,0.0,0.0,0.0,0.0,2.0,0.0,0.0,0.0,0.0,0.0,0.0,0.0,0.0
2020-12-01,330150,2.0,2.0,0.0,0.0,0.0,0.0,0.0,4.0,0.0,0.0,0.0,0.0,0.0,0.0,0.0,0.0
2020-12-01,330160,1.0,5.0,0.0,0.0,0.0,0.0,0.0,6.0,0.0,0.0,0.0,0.0,0.0,0.0,0.0,0.0
2020-12-01,330185,3.0,4.0,1.0,0.0,0.0,0.0,0.0,8.0,0.0,2.0,1.0,0.0,0.0,0.0,0.0,3.0
2020-12-01,330190,2.0,1.0,2.0,0.0,0.0,0.0,0.0,5.0,0.0,1.0,0.0,0.0,0.0,0.0,0.0,1.0
2020-12-01,330240,9.0,1.0,0.0,0.0,0.0,0.0,0.0,10.0,2.0,0.0,0.0,0.0,0.0,0.0,0.0,2.0
2020-12-01,330245,1.0,0.0,0.0,0.0,0.0,0.0,0.0,1.0,0.0,0.0,0.0,0.0,0.0,0.0,0.0,0.0
2020-12-01,330270,3.0,2.0,0.0,0.0,0.0,0.0,0.0,5.0,0.0,1.0,0.0,0.0,0.0,0.0,0.0,1.0
2020-12-01,330290,1.0,1.0,1.0,0.0,0.0,0.0,0.0,3.0,0.0,0.0,0.0,0.0,0.0,0.0,0.0,0.0
2020-12-01,330320,2.0,0.0,0.0,0.0,0.0,0.0,0.0,2.0,0.0,0.0,0.0,0.0,0.0,0.0,0.0,0.0
2020-12-01,330340,34.0,29.0,2.0,0.0,0.0,0.0,0.0,65.0,0.0,4.0,0.0,0.0,0.0,0.0,0.0,4.0
2020-12-01,330350,1.0,1.0,0.0,0.0,0.0,0.0,0.0,2.0,0.0,0.0,0.0,0.0,0.0,0.0,0.0,0.0
2020-12-01,330360,1.0,7.0,0.0,0.0,0.0,0.0,0.0,8.0,0.0,3.0,0.0,0.0,0.0,0.0,0.0,3.0
2020-12-01,330400,5.0,0.0,0.0,0.0,0.0,0.0,0.0,5.0,0.0,0.0,0.0,0.0,0.0,0.0,0.0,0.0
2020-12-01,330415,1.0,0.0,1.0,0.0,0.0,0.0,0.0,2.0,0.0,0.0,1.0,0.0,0.0,0.0,0.0,1.0
2020-12-01,330430,1.0,0.0,0.0,0.0,0.0,0.0,0.0,1.0,0.0,0.0,0.0,0.0,0.0,0.0,0.0,0.0
2020-12-01,330450,1.0,0.0,0.0,0.0,0.0,0.0,0.0,1.0,0.0,0.0,0.0,0.0,0.0,0.0,0.0,0.0
2020-12-01,330460,2.0,0.0,0.0,0.0,0.0,0.0,0.0,2.0,0.0,0.0,0.0,0.0,0.0,0.0,0.0,0.0
2020-12-01,330475,13.0,0.0,0.0,0.0,0.0,0.0,0.0,13.0,3.0,0.0,0.0,0.0,0.0,0.0,0.0,3.0
2020-12-01,330480,3.0,3.0,0.0,0.0,0.0,0.0,0.0,6.0,0.0,1.0,0.0,0.0,0.0,0.0,0.0,1.0
2020-12-01,330510,1.0,0.0,1.0,0.0,0.0,0.0,0.0,2.0,1.0,0.0,0.0,0.0,0.0,0.0,0.0,1.0
2020-12-01,330515,1.0,1.0,0.0,0.0,0.0,0.0,0.0,2.0,0.0,0.0,0.0,0.0,0.0,0.0,0.0,0.0
2020-12-01,330530,1.0,2.0,0.0,0.0,0.0,0.0,0.0,3.0,0.0,0.0,0.0,0.0,0.0,0.0,0.0,0.0
2020-12-01,330575,1.0,1.0,0.0,0.0,0.0,0.0,0.0,2.0,0.0,0.0,0.0,0.0,0.0,0.0,0.0,0.0
2020-12-01,330580,26.0,16.0,0.0,0.0,0.0,0.0,0.0,42.0,4.0,4.0,0.0,0.0,0.0,0.0,0.0,8.0
2020-12-01,330590,1.0,2.0,0.0,0.0,0.0,0.0,0.0,3.0,0.0,2.0,0.0,0.0,0.0,0.0,0.0,2.0
2020-12-01,350040,1.0,0.0,0.0,0.0,0.0,0.0,0.0,1.0,0.0,0.0,0.0,0.0,0.0,0.0,0.0,0.0
2020-12-01,350395,1.0,0.0,0.0,0.0,0.0,0.0,0.0,1.0,0.0,0.0,0.0,0.0,0.0,0.0,0.0,0.0
2020-12-01,350490,1.0,0.0,0.0,0.0,0.0,0.0,0.0,1.0,0.0,0.0,0.0,0.0,0.0,0.0,0.0,0.0
2020-12-01,350680,2.0,0.0,1.0,0.0,0.0,0.0,0.0,3.0,0.0,0.0,0.0,0.0,0.0,0.0,0.0,0.0
2020-12-01,350900,1.0,10.0,2.0,0.0,1.0,0.0,0.0,14.0,0.0,2.0,0.0,0.0,0.0,0.0,0.0,2.0
2020-12-01,350910,1.0,0.0,0.0,0.0,0.0,0.0,0.0,1.0,0.0,0.0,0.0,0.0,0.0,0.0,0.0,0.0
2020-12-01,351190,1.0,0.0,0.0,0.0,0.0,0.0,0.0,1.0,0.0,0.0,0.0,0.0,0.0,0.0,0.0,0.0
2020-12-01,351290,1.0,0.0,1.0,0.0,0.0,0.0,0.0,2.0,0.0,0.0,0.0,0.0,0.0,0.0,0.0,0.0
2020-12-01,351400,1.0,0.0,0.0,0.0,0.0,0.0,0.0,1.0,1.0,0.0,0.0,0.0,0.0,0.0,0.0,1.0
2020-12-01,351410,1.0,0.0,1.0,0.0,0.0,0.0,0.0,2.0,0.0,0.0,0.0,0.0,0.0,0.0,0.0,0.0
2020-12-01,351460,1.0,0.0,0.0,0.0,0.0,0.0,0.0,1.0,0.0,0.0,0.0,0.0,0.0,0.0,0.0,0.0
2020-12-01,351700,1.0,0.0,0.0,0.0,0.0,0.0,0.0,1.0,0.0,0.0,0.0,0.0,0.0,0.0,0.0,0.0
2020-12-01,351720,1.0,0.0,0.0,0.0,0.0,0.0,0.0,1.0,1.0,0.0,0.0,0.0,0.0,0.0,0.0,1.0
2020-12-01,351810,2.0,0.0,1.0,0.0,0.0,0.0,0.0,3.0,1.0,0.0,0.0,0.0,0.0,0.0,0.0,1.0
2020-12-01,351830,1.0,0.0,0.0,0.0,0.0,0.0,0.0,1.0,1.0,0.0,0.0,0.0,0.0,0.0,0.0,1.0
2020-12-01,351920,1.0,0.0,0.0,0.0,0.0,0.0,0.0,1.0,0.0,0.0,0.0,0.0,0.0,0.0,0.0,0.0
2020-12-01,351970,2.0,0.0,0.0,0.0,0.0,0.0,0.0,2.0,0.0,0.0,0.0,0.0,0.0,0.0,0.0,0.0
2020-12-01,351990,2.0,0.0,1.0,0.0,0.0,0.0,0.0,3.0,2.0,0.0,1.0,0.0,0.0,0.0,0.0,3.0
2020-12-01,352000,2.0,0.0,2.0,0.0,0.0,0.0,0.0,4.0,0.0,0.0,1.0,0.0,0.0,0.0,0.0,1.0
2020-12-01,352080,1.0,0.0,0.0,0.0,0.0,0.0,0.0,1.0,0.0,0.0,0.0,0.0,0.0,0.0,0.0,0.0
2020-12-01,352160,1.0,0.0,1.0,0.0,0.0,0.0,0.0,2.0,0.0,0.0,1.0,0.0,0.0,0.0,0.0,1.0
2020-12-01,352190,3.0,0.0,0.0,0.0,0.0,0.0,0.0,3.0,0.0,0.0,0.0,0.0,0.0,0.0,0.0,0.0
2020-12-01,352370,2.0,0.0,0.0,0.0,0.0,0.0,0.0,2.0,0.0,0.0,0.0,0.0,0.0,0.0,0.0,0.0
2020-12-01,352450,1.0,0.0,0.0,0.0,0.0,0.0,0.0,1.0,1.0,0.0,0.0,0.0,0.0,0.0,0.0,1.0
2020-12-01,352460,1.0,0.0,0.0,0.0,0.0,0.0,0.0,1.0,0.0,0.0,0.0,0.0,0.0,0.0,0.0,0.0
2020-12-01,352470,3.0,1.0,0.0,1.0,0.0,0.0,0.0,5.0,0.0,0.0,0.0,0.0,0.0,0.0,0.0,0.0
2020-12-01,352500,1.0,1.0,0.0,0.0,0.0,0.0,0.0,2.0,1.0,1.0,0.0,0.0,0.0,0.0,0.0,2.0
2020-12-01,352540,1.0,0.0,0.0,0.0,0.0,0.0,0.0,1.0,1.0,0.0,0.0,0.0,0.0,0.0,0.0,1.0
2020-12-01,352800,1.0,0.0,1.0,0.0,0.0,0.0,0.0,2.0,0.0,0.0,1.0,0.0,0.0,0.0,0.0,1.0
2020-12-01,352830,1.0,0.0,0.0,0.0,0.0,0.0,0.0,1.0,0.0,0.0,0.0,0.0,0.0,0.0,0.0,0.0
2020-12-01,352870,1.0,0.0,0.0,0.0,0.0,0.0,0.0,1.0,1.0,0.0,0.0,0.0,0.0,0.0,0.0,1.0
2020-12-01,352885,1.0,0.0,0.0,0.0,0.0,0.0,0.0,1.0,0.0,0.0,0.0,0.0,0.0,0.0,0.0,0.0
2020-12-01,352960,2.0,0.0,0.0,0.0,0.0,0.0,0.0,2.0,1.0,0.0,0.0,0.0,0.0,0.0,0.0,1.0
2020-12-01,353010,1.0,0.0,0.0,0.0,0.0,0.0,0.0,1.0,1.0,0.0,0.0,0.0,0.0,0.0,0.0,1.0
2020-12-01,353280,3.0,0.0,0.0,0.0,0.0,0.0,0.0,3.0,3.0,0.0,0.0,0.0,0.0,0.0,0.0,3.0
2020-12-01,353300,1.0,2.0,0.0,0.0,0.0,0.0,0.0,3.0,1.0,0.0,0.0,0.0,0.0,0.0,0.0,1.0
2020-12-01,353330,1.0,0.0,0.0,0.0,0.0,0.0,0.0,1.0,0.0,0.0,0.0,0.0,0.0,0.0,0.0,0.0
2020-12-01,353370,1.0,0.0,0.0,0.0,0.0,0.0,0.0,1.0,0.0,0.0,0.0,0.0,0.0,0.0,0.0,0.0
2020-12-01,353380,1.0,0.0,0.0,0.0,0.0,0.0,0.0,1.0,1.0,0.0,0.0,0.0,0.0,0.0,0.0,1.0
2020-12-01,353580,2.0,0.0,0.0,0.0,0.0,0.0,0.0,2.0,0.0,0.0,0.0,0.0,0.0,0.0,0.0,0.0
2020-12-01,353620,1.0,0.0,2.0,0.0,0.0,0.0,0.0,3.0,0.0,0.0,0.0,0.0,0.0,0.0,0.0,0.0
2020-12-01,353630,1.0,1.0,0.0,0.0,0.0,0.0,0.0,2.0,0.0,0.0,0.0,0.0,0.0,0.0,0.0,0.0
2020-12-01,353660,1.0,0.0,0.0,0.0,0.0,0.0,0.0,1.0,0.0,0.0,0.0,0.0,0.0,0.0,0.0,0.0
2020-12-01,353830,1.0,0.0,0.0,0.0,0.0,0.0,0.0,1.0,0.0,0.0,0.0,0.0,0.0,0.0,0.0,0.0
2020-12-01,353910,1.0,0.0,0.0,0.0,0.0,0.0,0.0,1.0,0.0,0.0,0.0,0.0,0.0,0.0,0.0,0.0
2020-12-01,354010,1.0,0.0,0.0,0.0,0.0,0.0,0.0,1.0,0.0,0.0,0.0,0.0,0.0,0.0,0.0,0.0
2020-12-01,354085,1.0,0.0,0.0,0.0,0.0,0.0,0.0,1.0,0.0,0.0,0.0,0.0,0.0,0.0,0.0,0.0
2020-12-01,354120,1.0,0.0,0.0,0.0,0.0,0.0,0.0,1.0,0.0,0.0,0.0,0.0,0.0,0.0,0.0,0.0
2020-12-01,354160,5.0,0.0,0.0,0.0,0.0,0.0,0.0,5.0,1.0,0.0,0.0,0.0,0.0,0.0,0.0,1.0
2020-12-01,354190,1.0,0.0,1.0,0.0,0.0,0.0,0.0,2.0,1.0,0.0,1.0,0.0,0.0,0.0,0.0,2.0
2020-12-01,354260,1.0,0.0,0.0,0.0,0.0,0.0,0.0,1.0,0.0,0.0,0.0,0.0,0.0,0.0,0.0,0.0
2020-12-01,354310,1.0,0.0,0.0,0.0,0.0,0.0,0.0,1.0,0.0,0.0,0.0,0.0,0.0,0.0,0.0,0.0
2020-12-01,354410,1.0,0.0,0.0,0.0,0.0,0.0,0.0,1.0,0.0,0.0,0.0,0.0,0.0,0.0,0.0,0.0
2020-12-01,354530,1.0,0.0,1.0,0.0,0.0,0.0,0.0,2.0,0.0,0.0,0.0,0.0,0.0,0.0,0.0,0.0
2020-12-01,354740,1.0,0.0,0.0,0.0,0.0,0.0,0.0,1.0,0.0,0.0,0.0,0.0,0.0,0.0,0.0,0.0
2020-12-01,354820,1.0,0.0,0.0,0.0,0.0,0.0,0.0,1.0,0.0,0.0,0.0,0.0,0.0,0.0,0.0,0.0
2020-12-01,355100,6.0,24.0,3.0,0.0,0.0,0.0,0.0,33.0,0.0,8.0,1.0,0.0,0.0,0.0,0.0,9.0
2020-12-01,355360,2.0,0.0,0.0,0.0,0.0,0.0,0.0,2.0,0.0,0.0,0.0,0.0,0.0,0.0,0.0,0.0
2020-12-01,355395,1.0,1.0,1.0,0.0,0.0,0.0,0.0,3.0,0.0,0.0,1.0,0.0,0.0,0.0,0.0,1.0
2020-12-01,355645,1.0,0.0,0.0,0.0,0.0,0.0,0.0,1.0,1.0,0.0,0.0,0.0,0.0,0.0,0.0,1.0
2020-12-01,355730,1.0,1.0,0.0,0.0,0.0,0.0,0.0,2.0,0.0,0.0,0.0,0.0,0.0,0.0,0.0,0.0
2020-12-01,410105,1.0,0.0,0.0,0.0,0.0,0.0,0.0,1.0,0.0,0.0,0.0,0.0,0.0,0.0,0.0,0.0
2020-12-01,410115,1.0,0.0,0.0,0.0,0.0,0.0,0.0,1.0,0.0,0.0,0.0,0.0,0.0,0.0,0.0,0.0
2020-12-01,410185,1.0,0.0,0.0,0.0,0.0,0.0,0.0,1.0,1.0,0.0,0.0,0.0,0.0,0.0,0.0,1.0
2020-12-01,410260,1.0,0.0,0.0,0.0,0.0,0.0,0.0,1.0,0.0,0.0,0.0,0.0,0.0,0.0,0.0,0.0
2020-12-01,410270,1.0,0.0,0.0,0.0,0.0,0.0,0.0,1.0,0.0,0.0,0.0,0.0,0.0,0.0,0.0,0.0
2020-12-01,410335,2.0,0.0,0.0,0.0,0.0,0.0,0.0,2.0,0.0,0.0,0.0,0.0,0.0,0.0,0.0,0.0
2020-12-01,410395,2.0,0.0,0.0,0.0,0.0,0.0,0.0,2.0,1.0,0.0,0.0,0.0,0.0,0.0,0.0,1.0
2020-12-01,410442,1.0,0.0,0.0,0.0,0.0,0.0,0.0,1.0,1.0,0.0,0.0,0.0,0.0,0.0,0.0,1.0
2020-12-01,410445,1.0,0.0,0.0,0.0,0.0,0.0,0.0,1.0,0.0,0.0,0.0,0.0,0.0,0.0,0.0,0.0
2020-12-01,410450,1.0,0.0,0.0,0.0,0.0,0.0,0.0,1.0,0.0,0.0,0.0,0.0,0.0,0.0,0.0,0.0
2020-12-01,410600,3.0,0.0,0.0,0.0,0.0,0.0,0.0,3.0,1.0,0.0,0.0,0.0,0.0,0.0,0.0,1.0
2020-12-01,410630,1.0,0.0,2.0,0.0,0.0,0.0,0.0,3.0,1.0,0.0,2.0,0.0,0.0,0.0,0.0,3.0
2020-12-01,410650,1.0,0.0,1.0,0.0,0.0,0.0,0.0,2.0,1.0,0.0,1.0,0.0,0.0,0.0,0.0,2.0
2020-12-01,410670,1.0,0.0,0.0,0.0,0.0,0.0,0.0,1.0,0.0,0.0,0.0,0.0,0.0,0.0,0.0,0.0
2020-12-01,410712,1.0,0.0,0.0,0.0,0.0,0.0,0.0,1.0,0.0,0.0,0.0,0.0,0.0,0.0,0.0,0.0
2020-12-01,410750,1.0,0.0,1.0,0.0,0.0,0.0,0.0,2.0,1.0,0.0,0.0,0.0,0.0,0.0,0.0,1.0
2020-12-01,410752,1.0,0.0,0.0,0.0,0.0,0.0,0.0,1.0,0.0,0.0,0.0,0.0,0.0,0.0,0.0,0.0
2020-12-01,410832,2.0,0.0,1.0,0.0,0.0,0.0,0.0,3.0,2.0,0.0,0.0,0.0,0.0,0.0,0.0,2.0
2020-12-01,410910,1.0,0.0,0.0,0.0,0.0,0.0,0.0,1.0,0.0,0.0,0.0,0.0,0.0,0.0,0.0,0.0
2020-12-01,410920,1.0,0.0,1.0,0.0,0.0,0.0,0.0,2.0,0.0,0.0,0.0,0.0,0.0,0.0,0.0,0.0
2020-12-01,411020,1.0,0.0,0.0,0.0,0.0,0.0,0.0,1.0,1.0,0.0,0.0,0.0,0.0,0.0,0.0,1.0
2020-12-01,411030,2.0,0.0,0.0,0.0,0.0,0.0,0.0,2.0,1.0,0.0,0.0,0.0,0.0,0.0,0.0,1.0
2020-12-01,411040,1.0,0.0,0.0,0.0,0.0,0.0,0.0,1.0,1.0,0.0,0.0,0.0,0.0,0.0,0.0,1.0
2020-12-01,411270,2.0,2.0,0.0,0.0,0.0,0.0,0.0,4.0,1.0,1.0,0.0,0.0,0.0,0.0,0.0,2.0
2020-12-01,411342,1.0,0.0,0.0,0.0,0.0,0.0,0.0,1.0,0.0,0.0,0.0,0.0,0.0,0.0,0.0,0.0
2020-12-01,411550,4.0,0.0,1.0,0.0,0.0,0.0,0.0,5.0,0.0,0.0,0.0,0.0,0.0,0.0,0.0,0.0
2020-12-01,411660,1.0,0.0,0.0,0.0,0.0,0.0,0.0,1.0,0.0,0.0,0.0,0.0,0.0,0.0,0.0,0.0
2020-12-01,411700,2.0,0.0,0.0,0.0,0.0,0.0,0.0,2.0,0.0,0.0,0.0,0.0,0.0,0.0,0.0,0.0
2020-12-01,411880,2.0,1.0,0.0,0.0,0.0,0.0,0.0,3.0,1.0,1.0,0.0,0.0,0.0,0.0,0.0,2.0
2020-12-01,411885,2.0,0.0,1.0,0.0,0.0,0.0,0.0,3.0,1.0,0.0,0.0,0.0,0.0,0.0,0.0,1.0
2020-12-01,411890,2.0,0.0,2.0,0.0,0.0,0.0,0.0,4.0,0.0,0.0,0.0,0.0,0.0,0.0,0.0,0.0
2020-12-01,412110,1.0,0.0,0.0,0.0,0.0,0.0,0.0,1.0,0.0,0.0,0.0,0.0,0.0,0.0,0.0,0.0
2020-12-01,412215,1.0,0.0,0.0,0.0,0.0,0.0,0.0,1.0,1.0,0.0,0.0,0.0,0.0,0.0,0.0,1.0
2020-12-01,412250,2.0,0.0,0.0,0.0,0.0,0.0,0.0,2.0,0.0,0.0,0.0,0.0,0.0,0.0,0.0,0.0
2020-12-01,412265,3.0,0.0,1.0,0.0,0.0,0.0,0.0,4.0,0.0,0.0,0.0,0.0,0.0,0.0,0.0,0.0
2020-12-01,412280,1.0,0.0,0.0,0.0,0.0,0.0,0.0,1.0,0.0,0.0,0.0,0.0,0.0,0.0,0.0,0.0
2020-12-01,412360,1.0,0.0,0.0,0.0,0.0,0.0,0.0,1.0,0.0,0.0,0.0,0.0,0.0,0.0,0.0,0.0
2020-12-01,412385,1.0,0.0,0.0,0.0,0.0,0.0,0.0,1.0,0.0,0.0,0.0,0.0,0.0,0.0,0.0,0.0
2020-12-01,412440,1.0,0.0,0.0,0.0,0.0,0.0,0.0,1.0,0.0,0.0,0.0,0.0,0.0,0.0,0.0,0.0
2020-12-01,412460,3.0,0.0,0.0,0.0,0.0,0.0,0.0,3.0,2.0,0.0,0.0,0.0,0.0,0.0,0.0,2.0
2020-12-01,412470,1.0,0.0,0.0,0.0,0.0,0.0,0.0,1.0,0.0,0.0,0.0,0.0,0.0,0.0,0.0,0.0
2020-12-01,412530,1.0,1.0,0.0,0.0,0.0,0.0,0.0,2.0,0.0,0.0,0.0,0.0,0.0,0.0,0.0,0.0
2020-12-01,412690,2.0,0.0,0.0,0.0,0.0,0.0,0.0,2.0,0.0,0.0,0.0,0.0,0.0,0.0,0.0,0.0
2020-12-01,412790,3.0,0.0,0.0,0.0,0.0,0.0,0.0,3.0,3.0,0.0,0.0,0.0,0.0,0.0,0.0,3.0
2020-12-01,412853,1.0,0.0,0.0,0.0,0.0,0.0,0.0,1.0,0.0,0.0,0.0,0.0,0.0,0.0,0.0,0.0
2020-12-01,412880,4.0,1.0,1.0,0.0,0.0,0.0,0.0,6.0,0.0,0.0,0.0,0.0,0.0,0.0,0.0,0.0
2020-12-01,420010,1.0,0.0,0.0,0.0,0.0,0.0,0.0,1.0,0.0,0.0,0.0,0.0,0.0,0.0,0.0,0.0
2020-12-01,420120,1.0,0.0,0.0,0.0,0.0,0.0,0.0,1.0,1.0,0.0,0.0,0.0,0.0,0.0,0.0,1.0
2020-12-01,420205,1.0,0.0,0.0,0.0,0.0,0.0,0.0,1.0,1.0,0.0,0.0,0.0,0.0,0.0,0.0,1.0
2020-12-01,420210,2.0,1.0,0.0,0.0,0.0,0.0,0.0,3.0,0.0,0.0,0.0,0.0,0.0,0.0,0.0,0.0
2020-12-01,420350,1.0,0.0,0.0,0.0,0.0,0.0,0.0,1.0,0.0,0.0,0.0,0.0,0.0,0.0,0.0,0.0
2020-12-01,420455,1.0,0.0,0.0,0.0,0.0,0.0,0.0,1.0,0.0,0.0,0.0,0.0,0.0,0.0,0.0,0.0
2020-12-01,420470,1.0,0.0,0.0,0.0,0.0,0.0,0.0,1.0,0.0,0.0,0.0,0.0,0.0,0.0,0.0,0.0
2020-12-01,420510,1.0,0.0,1.0,0.0,0.0,0.0,0.0,2.0,0.0,0.0,0.0,0.0,0.0,0.0,0.0,0.0
2020-12-01,420520,1.0,0.0,0.0,0.0,0.0,0.0,0.0,1.0,1.0,0.0,0.0,0.0,0.0,0.0,0.0,1.0
2020-12-01,420570,2.0,1.0,0.0,0.0,0.0,0.0,0.0,3.0,1.0,1.0,0.0,0.0,0.0,0.0,0.0,2.0
2020-12-01,420850,1.0,0.0,5.0,0.0,0.0,0.0,0.0,6.0,0.0,0.0,0.0,0.0,0.0,0.0,0.0,0.0
2020-12-01,420985,1.0,0.0,0.0,0.0,0.0,0.0,0.0,1.0,0.0,0.0,0.0,0.0,0.0,0.0,0.0,0.0
2020-12-01,421030,1.0,0.0,0.0,0.0,0.0,0.0,0.0,1.0,1.0,0.0,0.0,0.0,0.0,0.0,0.0,1.0
2020-12-01,421130,1.0,1.0,1.0,0.0,0.0,0.0,0.0,3.0,0.0,0.0,1.0,0.0,0.0,0.0,0.0,1.0
2020-12-01,421200,1.0,0.0,0.0,0.0,0.0,0.0,0.0,1.0,0.0,0.0,0.0,0.0,0.0,0.0,0.0,0.0
2020-12-01,421225,1.0,0.0,0.0,0.0,0.0,0.0,0.0,1.0,0.0,0.0,0.0,0.0,0.0,0.0,0.0,0.0
2020-12-01,421280,1.0,0.0,0.0,0.0,0.0,0.0,0.0,1.0,0.0,0.0,0.0,0.0,0.0,0.0,0.0,0.0
2020-12-01,421510,1.0,0.0,0.0,0.0,0.0,0.0,0.0,1.0,0.0,0.0,0.0,0.0,0.0,0.0,0.0,0.0
2020-12-01,421620,4.0,1.0,1.0,0.0,0.0,0.0,0.0,6.0,1.0,0.0,1.0,0.0,0.0,0.0,0.0,2.0
2020-12-01,421780,1.0,0.0,2.0,0.0,0.0,0.0,0.0,3.0,0.0,0.0,0.0,0.0,0.0,0.0,0.0,0.0
2020-12-01,430355,1.0,0.0,0.0,0.0,0.0,0.0,0.0,1.0,0.0,0.0,0.0,0.0,0.0,0.0,0.0,0.0
2020-12-01,430495,1.0,0.0,1.0,0.0,0.0,0.0,0.0,2.0,1.0,0.0,0.0,0.0,0.0,0.0,0.0,1.0
2020-12-01,430515,1.0,0.0,1.0,0.0,0.0,0.0,0.0,2.0,0.0,0.0,0.0,0.0,0.0,0.0,0.0,0.0
2020-12-01,430593,2.0,0.0,1.0,0.0,0.0,0.0,0.0,3.0,0.0,0.0,1.0,0.0,0.0,0.0,0.0,1.0
2020-12-01,430840,1.0,0.0,0.0,0.0,0.0,0.0,0.0,1.0,0.0,0.0,0.0,0.0,0.0,0.0,0.0,0.0
2020-12-01,430965,1.0,0.0,0.0,0.0,0.0,0.0,0.0,1.0,0.0,0.0,0.0,0.0,0.0,0.0,0.0,0.0
2020-12-01,431087,1.0,0.0,0.0,0.0,0.0,0.0,0.0,1.0,1.0,0.0,0.0,0.0,0.0,0.0,0.0,1.0
2020-12-01,431142,1.0,0.0,2.0,0.0,0.0,0.0,0.0,3.0,1.0,0.0,1.0,0.0,0.0,0.0,0.0,2.0
2020-12-01,431162,1.0,1.0,0.0,0.0,0.0,0.0,0.0,2.0,0.0,1.0,0.0,0.0,0.0,0.0,0.0,1.0
2020-12-01,431198,1.0,0.0,0.0,0.0,0.0,0.0,0.0,1.0,1.0,0.0,0.0,0.0,0.0,0.0,0.0,1.0
2020-12-01,431235,1.0,0.0,0.0,0.0,0.0,0.0,0.0,1.0,0.0,0.0,0.0,0.0,0.0,0.0,0.0,0.0
2020-12-01,431245,2.0,0.0,1.0,0.0,0.0,0.0,0.0,3.0,0.0,0.0,0.0,0.0,0.0,0.0,0.0,0.0
2020-12-01,431445,1.0,0.0,0.0,0.0,0.0,0.0,0.0,1.0,0.0,0.0,0.0,0.0,0.0,0.0,0.0,0.0
2020-12-01,431450,1.0,0.0,1.0,0.0,0.0,0.0,0.0,2.0,0.0,0.0,0.0,0.0,0.0,0.0,0.0,0.0
2020-12-01,431500,1.0,0.0,0.0,0.0,0.0,0.0,0.0,1.0,0.0,0.0,0.0,0.0,0.0,0.0,0.0,0.0
2020-12-01,431514,1.0,0.0,0.0,0.0,0.0,0.0,0.0,1.0,1.0,0.0,0.0,0.0,0.0,0.0,0.0,1.0
2020-12-01,431600,1.0,0.0,2.0,0.0,0.0,0.0,0.0,3.0,1.0,0.0,0.0,0.0,0.0,0.0,0.0,1.0
2020-12-01,431630,1.0,0.0,0.0,0.0,0.0,0.0,0.0,1.0,1.0,0.0,0.0,0.0,0.0,0.0,0.0,1.0
2020-12-01,431675,1.0,0.0,0.0,0.0,0.0,0.0,0.0,1.0,1.0,0.0,0.0,0.0,0.0,0.0,0.0,1.0
2020-12-01,431842,1.0,0.0,1.0,0.0,0.0,0.0,0.0,2.0,0.0,0.0,0.0,0.0,0.0,0.0,0.0,0.0
2020-12-01,431920,1.0,2.0,0.0,0.0,0.0,0.0,0.0,3.0,0.0,1.0,0.0,0.0,0.0,0.0,0.0,1.0
2020-12-01,432232,1.0,0.0,0.0,0.0,0.0,0.0,0.0,1.0,0.0,0.0,0.0,0.0,0.0,0.0,0.0,0.0
2020-12-01,432234,1.0,0.0,0.0,0.0,0.0,0.0,0.0,1.0,0.0,0.0,0.0,0.0,0.0,0.0,0.0,0.0
2020-12-01,432237,1.0,0.0,0.0,0.0,0.0,0.0,0.0,1.0,0.0,0.0,0.0,0.0,0.0,0.0,0.0,0.0
2020-12-01,500060,1.0,1.0,0.0,0.0,0.0,0.0,0.0,2.0,1.0,1.0,0.0,0.0,0.0,0.0,0.0,2.0
2020-12-01,500190,1.0,0.0,0.0,0.0,0.0,0.0,0.0,1.0,0.0,0.0,0.0,0.0,0.0,0.0,0.0,0.0
2020-12-01,500210,1.0,0.0,0.0,0.0,0.0,0.0,0.0,1.0,0.0,0.0,0.0,0.0,0.0,0.0,0.0,0.0
2020-12-01,500215,1.0,0.0,1.0,0.0,0.0,0.0,0.0,2.0,0.0,0.0,1.0,0.0,0.0,0.0,0.0,1.0
2020-12-01,500295,1.0,0.0,0.0,0.0,0.0,0.0,0.0,1.0,1.0,0.0,0.0,0.0,0.0,0.0,0.0,1.0
2020-12-01,500460,1.0,0.0,0.0,0.0,0.0,0.0,0.0,1.0,0.0,0.0,0.0,0.0,0.0,0.0,0.0,0.0
2020-12-01,500620,1.0,0.0,1.0,0.0,0.0,0.0,0.0,2.0,0.0,0.0,1.0,0.0,0.0,0.0,0.0,1.0
2020-12-01,500640,3.0,0.0,0.0,0.0,0.0,0.0,0.0,3.0,1.0,0.0,0.0,0.0,0.0,0.0,0.0,1.0
2020-12-01,500660,1.0,0.0,0.0,0.0,0.0,0.0,0.0,1.0,0.0,0.0,0.0,0.0,0.0,0.0,0.0,0.0
2020-12-01,500740,1.0,0.0,0.0,0.0,0.0,0.0,0.0,1.0,1.0,0.0,0.0,0.0,0.0,0.0,0.0,1.0
2020-12-01,510020,1.0,0.0,0.0,0.0,0.0,0.0,0.0,1.0,0.0,0.0,0.0,0.0,0.0,0.0,0.0,0.0
2020-12-01,510025,5.0,3.0,0.0,2.0,0.0,0.0,0.0,10.0,2.0,0.0,0.0,1.0,0.0,0.0,0.0,3.0
2020-12-01,510030,1.0,0.0,0.0,0.0,0.0,0.0,0.0,1.0,0.0,0.0,0.0,0.0,0.0,0.0,0.0,0.0
2020-12-01,510040,1.0,0.0,2.0,0.0,0.0,0.0,0.0,3.0,0.0,0.0,1.0,0.0,0.0,0.0,0.0,1.0
2020-12-01,510125,1.0,1.0,0.0,0.0,0.0,0.0,0.0,2.0,0.0,0.0,0.0,0.0,0.0,0.0,0.0,0.0
2020-12-01,510267,1.0,0.0,0.0,0.0,0.0,0.0,0.0,1.0,1.0,0.0,0.0,0.0,0.0,0.0,0.0,1.0
2020-12-01,510310,1.0,0.0,0.0,0.0,0.0,0.0,0.0,1.0,1.0,0.0,0.0,0.0,0.0,0.0,0.0,1.0
2020-12-01,510480,2.0,0.0,0.0,0.0,0.0,0.0,0.0,2.0,0.0,0.0,0.0,0.0,0.0,0.0,0.0,0.0
2020-12-01,510510,1.0,0.0,0.0,0.0,0.0,0.0,0.0,1.0,0.0,0.0,0.0,0.0,0.0,0.0,0.0,0.0
2020-12-01,510590,1.0,0.0,0.0,0.0,0.0,0.0,0.0,1.0,1.0,0.0,0.0,0.0,0.0,0.0,0.0,1.0
2020-12-01,510600,1.0,0.0,0.0,0.0,0.0,0.0,0.0,1.0,0.0,0.0,0.0,0.0,0.0,0.0,0.0,0.0
2020-12-01,510625,1.0,0.0,0.0,0.0,0.0,0.0,0.0,1.0,0.0,0.0,0.0,0.0,0.0,0.0,0.0,0.0
2020-12-01,510627,1.0,0.0,0.0,0.0,0.0,0.0,0.0,1.0,0.0,0.0,0.0,0.0,0.0,0.0,0.0,0.0
2020-12-01,510710,1.0,0.0,0.0,0.0,0.0,0.0,0.0,1.0,0.0,0.0,0.0,0.0,0.0,0.0,0.0,0.0
2020-12-01,510726,1.0,0.0,0.0,0.0,0.0,0.0,0.0,1.0,0.0,0.0,0.0,0.0,0.0,0.0,0.0,0.0
2020-12-01,510787,2.0,0.0,0.0,0.0,0.0,0.0,0.0,2.0,1.0,0.0,0.0,0.0,0.0,0.0,0.0,1.0
2020-12-01,510840,5.0,2.0,0.0,0.0,0.0,0.0,0.0,7.0,0.0,0.0,0.0,0.0,0.0,0.0,0.0,0.0
2020-12-01,520080,2.0,0.0,0.0,0.0,0.0,0.0,0.0,2.0,0.0,0.0,0.0,0.0,0.0,0.0,0.0,0.0
2020-12-01,520145,1.0,0.0,0.0,0.0,0.0,0.0,0.0,1.0,0.0,0.0,0.0,0.0,0.0,0.0,0.0,0.0
2020-12-01,520250,1.0,0.0,1.0,0.0,0.0,0.0,0.0,2.0,0.0,0.0,0.0,0.0,0.0,0.0,0.0,0.0
2020-12-01,520260,1.0,0.0,0.0,0.0,0.0,0.0,0.0,1.0,0.0,0.0,0.0,0.0,0.0,0.0,0.0,0.0
2020-12-01,520310,2.0,0.0,0.0,0.0,0.0,0.0,0.0,2.0,0.0,0.0,0.0,0.0,0.0,0.0,0.0,0.0
2020-12-01,520470,1.0,0.0,0.0,0.0,0.0,0.0,0.0,1.0,0.0,0.0,0.0,0.0,0.0,0.0,0.0,0.0
2020-12-01,520485,1.0,0.0,0.0,0.0,0.0,0.0,0.0,1.0,0.0,0.0,0.0,0.0,0.0,0.0,0.0,0.0
2020-12-01,520495,1.0,0.0,0.0,0.0,0.0,0.0,0.0,1.0,1.0,0.0,0.0,0.0,0.0,0.0,0.0,1.0
2020-12-01,520505,1.0,0.0,0.0,0.0,0.0,0.0,0.0,1.0,0.0,0.0,0.0,0.0,0.0,0.0,0.0,0.0
2020-12-01,520530,1.0,0.0,0.0,0.0,0.0,0.0,0.0,1.0,0.0,0.0,0.0,0.0,0.0,0.0,0.0,0.0
2020-12-01,520545,1.0,0.0,0.0,0.0,0.0,0.0,0.0,1.0,1.0,0.0,0.0,0.0,0.0,0.0,0.0,1.0
2020-12-01,520549,1.0,0.0,0.0,0.0,1.0,0.0,0.0,2.0,0.0,0.0,0.0,0.0,0.0,0.0,0.0,0.0
2020-12-01,520580,1.0,0.0,0.0,0.0,0.0,0.0,0.0,1.0,0.0,0.0,0.0,0.0,0.0,0.0,0.0,0.0
2020-12-01,520880,1.0,3.0,0.0,0.0,0.0,0.0,0.0,4.0,0.0,1.0,0.0,0.0,0.0,0.0,0.0,1.0
2020-12-01,520890,1.0,1.0,0.0,0.0,0.0,0.0,0.0,2.0,0.0,1.0,0.0,0.0,0.0,0.0,0.0,1.0
2020-12-01,520920,1.0,3.0,0.0,0.0,0.0,0.0,0.0,4.0,0.0,0.0,0.0,0.0,0.0,0.0,0.0,0.0
2020-12-01,521040,1.0,0.0,0.0,0.0,0.0,0.0,0.0,1.0,0.0,0.0,0.0,0.0,0.0,0.0,0.0,0.0
2020-12-01,521230,1.0,0.0,0.0,0.0,0.0,0.0,0.0,1.0,1.0,0.0,0.0,0.0,0.0,0.0,0.0,1.0
2020-12-01,521308,1.0,0.0,0.0,0.0,0.0,0.0,0.0,1.0,1.0,0.0,0.0,0.0,0.0,0.0,0.0,1.0
2020-12-01,521450,2.0,0.0,0.0,0.0,0.0,0.0,0.0,2.0,0.0,0.0,0.0,0.0,0.0,0.0,0.0,0.0
2020-12-01,521460,2.0,0.0,0.0,0.0,0.0,0.0,0.0,2.0,0.0,0.0,0.0,0.0,0.0,0.0,0.0,0.0
2020-12-01,521570,2.0,3.0,0.0,0.0,0.0,0.0,0.0,5.0,0.0,1.0,0.0,0.0,0.0,0.0,0.0,1.0
2020-12-01,521730,1.0,1.0,0.0,0.0,0.0,0.0,0.0,2.0,1.0,0.0,0.0,0.0,0.0,0.0,0.0,1.0
2020-12-01,521800,2.0,0.0,0.0,0.0,0.0,0.0,0.0,2.0,0.0,0.0,0.0,0.0,0.0,0.0,0.0,0.0
2020-12-01,521950,1.0,0.0,0.0,0.0,0.0,0.0,0.0,1.0,0.0,0.0,0.0,0.0,0.0,0.0,0.0,0.0
2020-12-01,521970,1.0,0.0,0.0,0.0,0.0,0.0,0.0,1.0,1.0,0.0,0.0,0.0,0.0,0.0,0.0,1.0
2020-12-01,522119,1.0,0.0,0.0,0.0,0.0,0.0,0.0,1.0,0.0,0.0,0.0,0.0,0.0,0.0,0.0,0.0
2020-12-01,130250,0.0,1.0,0.0,0.0,0.0,0.0,0.0,1.0,0.0,1.0,0.0,0.0,0.0,0.0,0.0,1.0
2020-12-01,130356,0.0,1.0,0.0,0.0,0.0,0.0,0.0,1.0,0.0,1.0,0.0,0.0,0.0,0.0,0.0,1.0
2020-12-01,150010,0.0,2.0,0.0,0.0,0.0,0.0,0.0,2.0,0.0,2.0,0.0,0.0,0.0,0.0,0.0,2.0
2020-12-01,150020,0.0,2.0,0.0,0.0,0.0,0.0,0.0,2.0,0.0,2.0,0.0,0.0,0.0,0.0,0.0,2.0
2020-12-01,150090,0.0,1.0,0.0,0.0,0.0,0.0,0.0,1.0,0.0,1.0,0.0,0.0,0.0,0.0,0.0,1.0
2020-12-01,150120,0.0,1.0,0.0,0.0,0.0,0.0,0.0,1.0,0.0,1.0,0.0,0.0,0.0,0.0,0.0,1.0
2020-12-01,150130,0.0,1.0,0.0,0.0,0.0,0.0,0.0,1.0,0.0,1.0,0.0,0.0,0.0,0.0,0.0,1.0
2020-12-01,150157,0.0,1.0,0.0,0.0,0.0,0.0,0.0,1.0,0.0,0.0,0.0,0.0,0.0,0.0,0.0,0.0
2020-12-01,150170,0.0,7.0,2.0,0.0,0.0,0.0,0.0,9.0,0.0,6.0,2.0,0.0,0.0,0.0,0.0,8.0
2020-12-01,150210,0.0,3.0,0.0,0.0,0.0,0.0,0.0,3.0,0.0,0.0,0.0,0.0,0.0,0.0,0.0,0.0
2020-12-01,150220,0.0,1.0,0.0,0.0,0.0,0.0,0.0,1.0,0.0,0.0,0.0,0.0,0.0,0.0,0.0,0.0
2020-12-01,150230,0.0,1.0,0.0,0.0,0.0,0.0,0.0,1.0,0.0,0.0,0.0,0.0,0.0,0.0,0.0,0.0
2020-12-01,150270,0.0,1.0,0.0,0.0,0.0,0.0,0.0,1.0,0.0,1.0,0.0,0.0,0.0,0.0,0.0,1.0
2020-12-01,150290,0.0,2.0,0.0,0.0,0.0,0.0,0.0,2.0,0.0,0.0,0.0,0.0,0.0,0.0,0.0,0.0
2020-12-01,150330,0.0,1.0,0.0,1.0,0.0,0.0,0.0,2.0,0.0,0.0,0.0,0.0,0.0,0.0,0.0,0.0
2020-12-01,150350,0.0,1.0,0.0,0.0,0.0,0.0,0.0,1.0,0.0,1.0,0.0,0.0,0.0,0.0,0.0,1.0
2020-12-01,150370,0.0,1.0,0.0,0.0,0.0,0.0,0.0,1.0,0.0,0.0,0.0,0.0,0.0,0.0,0.0,0.0
2020-12-01,150470,0.0,1.0,0.0,0.0,0.0,0.0,0.0,1.0,0.0,1.0,0.0,0.0,0.0,0.0,0.0,1.0
2020-12-01,150490,0.0,1.0,0.0,0.0,0.0,0.0,0.0,1.0,0.0,1.0,0.0,0.0,0.0,0.0,0.0,1.0
2020-12-01,150495,0.0,1.0,0.0,0.0,0.0,0.0,0.0,1.0,0.0,0.0,0.0,0.0,0.0,0.0,0.0,0.0
2020-12-01,150506,0.0,4.0,0.0,0.0,0.0,0.0,0.0,4.0,0.0,1.0,0.0,0.0,0.0,0.0,0.0,1.0
2020-12-01,150543,0.0,1.0,0.0,0.0,0.0,0.0,0.0,1.0,0.0,0.0,0.0,0.0,0.0,0.0,0.0,0.0
2020-12-01,150555,0.0,1.0,0.0,0.0,0.0,0.0,0.0,1.0,0.0,0.0,0.0,0.0,0.0,0.0,0.0,0.0
2020-12-01,150700,0.0,1.0,0.0,0.0,0.0,0.0,0.0,1.0,0.0,0.0,0.0,0.0,0.0,0.0,0.0,0.0
2020-12-01,150710,0.0,3.0,0.0,0.0,0.0,0.0,0.0,3.0,0.0,3.0,0.0,0.0,0.0,0.0,0.0,3.0
2020-12-01,150820,0.0,1.0,0.0,0.0,0.0,0.0,0.0,1.0,0.0,0.0,0.0,0.0,0.0,0.0,0.0,0.0
2020-12-01,170550,0.0,1.0,0.0,0.0,0.0,0.0,0.0,1.0,0.0,1.0,0.0,0.0,0.0,0.0,0.0,1.0
2020-12-01,171190,0.0,2.0,0.0,0.0,0.0,0.0,0.0,2.0,0.0,0.0,0.0,0.0,0.0,0.0,0.0,0.0
2020-12-01,171250,0.0,2.0,0.0,0.0,0.0,0.0,0.0,2.0,0.0,0.0,0.0,0.0,0.0,0.0,0.0,0.0
2020-12-01,171320,0.0,1.0,0.0,0.0,0.0,0.0,0.0,1.0,0.0,1.0,0.0,0.0,0.0,0.0,0.0,1.0
2020-12-01,171330,0.0,1.0,0.0,0.0,0.0,0.0,0.0,1.0,0.0,0.0,0.0,0.0,0.0,0.0,0.0,0.0
2020-12-01,171610,0.0,1.0,2.0,0.0,0.0,0.0,0.0,3.0,0.0,0.0,2.0,0.0,0.0,0.0,0.0,2.0
2020-12-01,172110,0.0,1.0,0.0,0.0,0.0,0.0,0.0,1.0,0.0,1.0,0.0,0.0,0.0,0.0,0.0,1.0
2020-12-01,210040,0.0,1.0,0.0,0.0,0.0,0.0,0.0,1.0,0.0,0.0,0.0,0.0,0.0,0.0,0.0,0.0
2020-12-01,210207,0.0,1.0,0.0,0.0,0.0,0.0,0.0,1.0,0.0,1.0,0.0,0.0,0.0,0.0,0.0,1.0
2020-12-01,210420,0.0,1.0,1.0,0.0,0.0,0.0,0.0,2.0,0.0,1.0,1.0,0.0,0.0,0.0,0.0,2.0
2020-12-01,210675,0.0,1.0,0.0,0.0,0.0,0.0,0.0,1.0,0.0,0.0,0.0,0.0,0.0,0.0,0.0,0.0
2020-12-01,210730,0.0,1.0,0.0,0.0,0.0,0.0,0.0,1.0,0.0,0.0,0.0,0.0,0.0,0.0,0.0,0.0
2020-12-01,210760,0.0,1.0,0.0,0.0,0.0,0.0,0.0,1.0,0.0,0.0,0.0,0.0,0.0,0.0,0.0,0.0
2020-12-01,210845,0.0,1.0,0.0,0.0,0.0,0.0,0.0,1.0,0.0,1.0,0.0,0.0,0.0,0.0,0.0,1.0
2020-12-01,210927,0.0,1.0,0.0,0.0,0.0,0.0,0.0,1.0,0.0,0.0,0.0,0.0,0.0,0.0,0.0,0.0
2020-12-01,211290,0.0,1.0,0.0,0.0,0.0,0.0,0.0,1.0,0.0,0.0,0.0,0.0,0.0,0.0,0.0,0.0
2020-12-01,220780,0.0,1.0,0.0,0.0,0.0,0.0,0.0,1.0,0.0,0.0,0.0,0.0,0.0,0.0,0.0,0.0
2020-12-01,230020,0.0,1.0,0.0,0.0,0.0,0.0,0.0,1.0,0.0,0.0,0.0,0.0,0.0,0.0,0.0,0.0
2020-12-01,230030,0.0,1.0,0.0,0.0,0.0,0.0,0.0,1.0,0.0,0.0,0.0,0.0,0.0,0.0,0.0,0.0
2020-12-01,230075,0.0,1.0,0.0,0.0,0.0,0.0,0.0,1.0,0.0,1.0,0.0,0.0,0.0,0.0,0.0,1.0
2020-12-01,230110,0.0,1.0,0.0,0.0,0.0,0.0,0.0,1.0,0.0,0.0,0.0,0.0,0.0,0.0,0.0,0.0
2020-12-01,230120,0.0,2.0,0.0,0.0,0.0,0.0,0.0,2.0,0.0,0.0,0.0,0.0,0.0,0.0,0.0,0.0
2020-12-01,230150,0.0,1.0,0.0,0.0,0.0,0.0,0.0,1.0,0.0,0.0,0.0,0.0,0.0,0.0,0.0,0.0
2020-12-01,230185,0.0,2.0,0.0,0.0,0.0,0.0,0.0,2.0,0.0,0.0,0.0,0.0,0.0,0.0,0.0,0.0
2020-12-01,230210,0.0,2.0,0.0,0.0,0.0,0.0,0.0,2.0,0.0,0.0,0.0,0.0,0.0,0.0,0.0,0.0
2020-12-01,230230,0.0,1.0,0.0,0.0,0.0,0.0,0.0,1.0,0.0,1.0,0.0,0.0,0.0,0.0,0.0,1.0
2020-12-01,230250,0.0,2.0,0.0,0.0,0.0,0.0,0.0,2.0,0.0,1.0,0.0,0.0,0.0,0.0,0.0,1.0
2020-12-01,230380,0.0,1.0,0.0,0.0,0.0,0.0,0.0,1.0,0.0,0.0,0.0,0.0,0.0,0.0,0.0,0.0
2020-12-01,230393,0.0,1.0,0.0,0.0,0.0,0.0,0.0,1.0,0.0,0.0,0.0,0.0,0.0,0.0,0.0,0.0
2020-12-01,230445,0.0,1.0,0.0,0.0,0.0,0.0,0.0,1.0,0.0,0.0,0.0,0.0,0.0,0.0,0.0,0.0
2020-12-01,230460,0.0,1.0,0.0,0.0,0.0,0.0,0.0,1.0,0.0,0.0,0.0,0.0,0.0,0.0,0.0,0.0
2020-12-01,230500,0.0,1.0,0.0,0.0,0.0,0.0,0.0,1.0,0.0,1.0,0.0,0.0,0.0,0.0,0.0,1.0
2020-12-01,230510,0.0,1.0,0.0,0.0,0.0,0.0,0.0,1.0,0.0,0.0,0.0,0.0,0.0,0.0,0.0,0.0
2020-12-01,230520,0.0,1.0,0.0,0.0,0.0,0.0,0.0,1.0,0.0,0.0,0.0,0.0,0.0,0.0,0.0,0.0
2020-12-01,230526,0.0,2.0,0.0,0.0,0.0,0.0,0.0,2.0,0.0,1.0,0.0,0.0,0.0,0.0,0.0,1.0
2020-12-01,230550,0.0,1.0,0.0,0.0,0.0,0.0,0.0,1.0,0.0,0.0,0.0,0.0,0.0,0.0,0.0,0.0
2020-12-01,230570,0.0,1.0,0.0,0.0,0.0,0.0,0.0,1.0,0.0,1.0,0.0,0.0,0.0,0.0,0.0,1.0
2020-12-01,230580,0.0,1.0,0.0,0.0,0.0,0.0,0.0,1.0,0.0,1.0,0.0,0.0,0.0,0.0,0.0,1.0
2020-12-01,230610,0.0,1.0,0.0,0.0,0.0,0.0,0.0,1.0,0.0,1.0,0.0,0.0,0.0,0.0,0.0,1.0
2020-12-01,230640,0.0,5.0,0.0,0.0,0.0,0.0,0.0,5.0,0.0,1.0,0.0,0.0,0.0,0.0,0.0,1.0
2020-12-01,230780,0.0,1.0,0.0,0.0,0.0,0.0,0.0,1.0,0.0,0.0,0.0,0.0,0.0,0.0,0.0,0.0
2020-12-01,230800,0.0,1.0,1.0,0.0,0.0,0.0,0.0,2.0,0.0,1.0,1.0,0.0,0.0,0.0,0.0,2.0
2020-12-01,230850,0.0,2.0,0.0,0.0,0.0,0.0,0.0,2.0,0.0,1.0,0.0,0.0,0.0,0.0,0.0,1.0
2020-12-01,230880,0.0,1.0,0.0,0.0,0.0,0.0,0.0,1.0,0.0,0.0,0.0,0.0,0.0,0.0,0.0,0.0
2020-12-01,230910,0.0,1.0,0.0,0.0,0.0,0.0,0.0,1.0,0.0,0.0,0.0,0.0,0.0,0.0,0.0,0.0
2020-12-01,230945,0.0,1.0,0.0,0.0,0.0,0.0,0.0,1.0,0.0,0.0,0.0,0.0,0.0,0.0,0.0,0.0
2020-12-01,230960,0.0,4.0,1.0,0.0,0.0,0.0,0.0,5.0,0.0,1.0,0.0,0.0,0.0,0.0,0.0,1.0
2020-12-01,230980,0.0,1.0,0.0,0.0,0.0,0.0,0.0,1.0,0.0,0.0,0.0,0.0,0.0,0.0,0.0,0.0
2020-12-01,231030,0.0,2.0,0.0,0.0,0.0,0.0,0.0,2.0,0.0,0.0,0.0,0.0,0.0,0.0,0.0,0.0
2020-12-01,231040,0.0,1.0,0.0,0.0,0.0,0.0,0.0,1.0,0.0,0.0,0.0,0.0,0.0,0.0,0.0,0.0
2020-12-01,231080,0.0,2.0,0.0,0.0,0.0,0.0,0.0,2.0,0.0,1.0,0.0,0.0,0.0,0.0,0.0,1.0
2020-12-01,231120,0.0,1.0,0.0,0.0,0.0,0.0,0.0,1.0,0.0,1.0,0.0,0.0,0.0,0.0,0.0,1.0
2020-12-01,231150,0.0,2.0,0.0,0.0,0.0,0.0,0.0,2.0,0.0,1.0,0.0,0.0,0.0,0.0,0.0,1.0
2020-12-01,231160,0.0,2.0,0.0,0.0,0.0,0.0,0.0,2.0,0.0,2.0,0.0,0.0,0.0,0.0,0.0,2.0
2020-12-01,231170,0.0,1.0,0.0,0.0,0.0,0.0,0.0,1.0,0.0,0.0,0.0,0.0,0.0,0.0,0.0,0.0
2020-12-01,231180,0.0,3.0,0.0,0.0,0.0,0.0,0.0,3.0,0.0,1.0,0.0,0.0,0.0,0.0,0.0,1.0
2020-12-01,231220,0.0,1.0,0.0,0.0,0.0,0.0,0.0,1.0,0.0,1.0,0.0,0.0,0.0,0.0,0.0,1.0
2020-12-01,231270,0.0,1.0,1.0,0.0,0.0,0.0,0.0,2.0,0.0,1.0,0.0,0.0,0.0,0.0,0.0,1.0
2020-12-01,231310,0.0,1.0,0.0,0.0,0.0,0.0,0.0,1.0,0.0,0.0,0.0,0.0,0.0,0.0,0.0,0.0
2020-12-01,231375,0.0,1.0,0.0,0.0,0.0,0.0,0.0,1.0,0.0,0.0,0.0,0.0,0.0,0.0,0.0,0.0
2020-12-01,231380,0.0,1.0,1.0,0.0,0.0,0.0,0.0,2.0,0.0,0.0,0.0,0.0,0.0,0.0,0.0,0.0
2020-12-01,231400,0.0,2.0,0.0,0.0,0.0,0.0,0.0,2.0,0.0,1.0,0.0,0.0,0.0,0.0,0.0,1.0
2020-12-01,240050,0.0,1.0,0.0,0.0,0.0,0.0,0.0,1.0,0.0,0.0,0.0,0.0,0.0,0.0,0.0,0.0
2020-12-01,240090,0.0,1.0,0.0,0.0,0.0,0.0,0.0,1.0,0.0,0.0,0.0,0.0,0.0,0.0,0.0,0.0
2020-12-01,241040,0.0,1.0,0.0,0.0,0.0,0.0,0.0,1.0,0.0,1.0,0.0,0.0,0.0,0.0,0.0,1.0
2020-12-01,241450,0.0,1.0,0.0,0.0,0.0,0.0,0.0,1.0,0.0,0.0,0.0,0.0,0.0,0.0,0.0,0.0
2020-12-01,250110,0.0,1.0,0.0,0.0,0.0,0.0,0.0,1.0,0.0,0.0,0.0,0.0,0.0,0.0,0.0,0.0
2020-12-01,250480,0.0,1.0,0.0,0.0,0.0,0.0,0.0,1.0,0.0,0.0,0.0,0.0,0.0,0.0,0.0,0.0
2020-12-01,250960,0.0,1.0,0.0,0.0,0.0,0.0,0.0,1.0,0.0,0.0,0.0,0.0,0.0,0.0,0.0,0.0
2020-12-01,251140,0.0,1.0,0.0,0.0,0.0,0.0,0.0,1.0,0.0,0.0,0.0,0.0,0.0,0.0,0.0,0.0
2020-12-01,251275,0.0,1.0,0.0,0.0,0.0,0.0,0.0,1.0,0.0,0.0,0.0,0.0,0.0,0.0,0.0,0.0
2020-12-01,251315,0.0,1.0,0.0,0.0,0.0,0.0,0.0,1.0,0.0,1.0,0.0,0.0,0.0,0.0,0.0,1.0
2020-12-01,251530,0.0,1.0,0.0,0.0,0.0,0.0,0.0,1.0,0.0,0.0,0.0,0.0,0.0,0.0,0.0,0.0
2020-12-01,251580,0.0,1.0,0.0,0.0,0.0,0.0,0.0,1.0,0.0,1.0,0.0,0.0,0.0,0.0,0.0,1.0
2020-12-01,251590,0.0,1.0,0.0,0.0,0.0,0.0,0.0,1.0,0.0,1.0,0.0,0.0,0.0,0.0,0.0,1.0
2020-12-01,251630,0.0,1.0,0.0,0.0,0.0,0.0,0.0,1.0,0.0,0.0,0.0,0.0,0.0,0.0,0.0,0.0
2020-12-01,251660,0.0,1.0,0.0,0.0,0.0,0.0,0.0,1.0,0.0,0.0,0.0,0.0,0.0,0.0,0.0,0.0
2020-12-01,260460,0.0,1.0,0.0,0.0,0.0,0.0,0.0,1.0,0.0,1.0,0.0,0.0,0.0,0.0,0.0,1.0
2020-12-01,260920,0.0,1.0,0.0,0.0,0.0,0.0,0.0,1.0,0.0,0.0,0.0,0.0,0.0,0.0,0.0,0.0
2020-12-01,261050,0.0,1.0,0.0,0.0,0.0,0.0,0.0,1.0,0.0,0.0,0.0,0.0,0.0,0.0,0.0,0.0
2020-12-01,261450,0.0,1.0,0.0,0.0,0.0,0.0,0.0,1.0,0.0,0.0,0.0,0.0,0.0,0.0,0.0,0.0
2020-12-01,270270,0.0,1.0,0.0,0.0,0.0,0.0,0.0,1.0,0.0,0.0,0.0,0.0,0.0,0.0,0.0,0.0
2020-12-01,270360,0.0,1.0,0.0,0.0,0.0,0.0,0.0,1.0,0.0,0.0,0.0,0.0,0.0,0.0,0.0,0.0
2020-12-01,270375,0.0,1.0,0.0,0.0,0.0,0.0,0.0,1.0,0.0,0.0,0.0,0.0,0.0,0.0,0.0,0.0
2020-12-01,270460,0.0,1.0,0.0,0.0,0.0,0.0,0.0,1.0,0.0,0.0,0.0,0.0,0.0,0.0,0.0,0.0
2020-12-01,270490,0.0,2.0,0.0,0.0,0.0,0.0,0.0,2.0,0.0,0.0,0.0,0.0,0.0,0.0,0.0,0.0
2020-12-01,270650,0.0,3.0,0.0,0.0,0.0,0.0,0.0,3.0,0.0,0.0,0.0,0.0,0.0,0.0,0.0,0.0
2020-12-01,270680,0.0,1.0,0.0,0.0,0.0,0.0,0.0,1.0,0.0,0.0,0.0,0.0,0.0,0.0,0.0,0.0
2020-12-01,270720,0.0,1.0,0.0,0.0,0.0,0.0,0.0,1.0,0.0,0.0,0.0,0.0,0.0,0.0,0.0,0.0
2020-12-01,270730,0.0,1.0,0.0,0.0,0.0,0.0,0.0,1.0,0.0,0.0,0.0,0.0,0.0,0.0,0.0,0.0
2020-12-01,270750,0.0,2.0,0.0,0.0,0.0,0.0,0.0,2.0,0.0,0.0,0.0,0.0,0.0,0.0,0.0,0.0
2020-12-01,270900,0.0,1.0,0.0,0.0,0.0,0.0,0.0,1.0,0.0,0.0,0.0,0.0,0.0,0.0,0.0,0.0
2020-12-01,270915,0.0,2.0,0.0,0.0,0.0,0.0,0.0,2.0,0.0,2.0,0.0,0.0,0.0,0.0,0.0,2.0
2020-12-01,280150,0.0,1.0,0.0,0.0,0.0,0.0,0.0,1.0,0.0,1.0,0.0,0.0,0.0,0.0,0.0,1.0
2020-12-01,280610,0.0,1.0,0.0,0.0,0.0,0.0,0.0,1.0,0.0,0.0,0.0,0.0,0.0,0.0,0.0,0.0
2020-12-01,290080,0.0,1.0,0.0,0.0,0.0,0.0,0.0,1.0,0.0,0.0,0.0,0.0,0.0,0.0,0.0,0.0
2020-12-01,290100,0.0,1.0,0.0,0.0,0.0,0.0,0.0,1.0,0.0,0.0,0.0,0.0,0.0,0.0,0.0,0.0
2020-12-01,290350,0.0,1.0,0.0,0.0,0.0,0.0,0.0,1.0,0.0,0.0,0.0,0.0,0.0,0.0,0.0,0.0
2020-12-01,290780,0.0,1.0,0.0,0.0,0.0,0.0,0.0,1.0,0.0,1.0,0.0,0.0,0.0,0.0,0.0,1.0
2020-12-01,291200,0.0,1.0,0.0,0.0,0.0,0.0,0.0,1.0,0.0,0.0,0.0,0.0,0.0,0.0,0.0,0.0
2020-12-01,291270,0.0,1.0,0.0,0.0,0.0,0.0,0.0,1.0,0.0,1.0,0.0,0.0,0.0,0.0,0.0,1.0
2020-12-01,291450,0.0,1.0,0.0,0.0,0.0,0.0,0.0,1.0,0.0,0.0,0.0,0.0,0.0,0.0,0.0,0.0
2020-12-01,291590,0.0,1.0,0.0,0.0,0.0,0.0,0.0,1.0,0.0,0.0,0.0,0.0,0.0,0.0,0.0,0.0
2020-12-01,291750,0.0,1.0,0.0,0.0,0.0,0.0,0.0,1.0,0.0,0.0,0.0,0.0,0.0,0.0,0.0,0.0
2020-12-01,292190,0.0,1.0,0.0,0.0,0.0,0.0,0.0,1.0,0.0,1.0,0.0,0.0,0.0,0.0,0.0,1.0
2020-12-01,292520,0.0,1.0,0.0,0.0,0.0,0.0,0.0,1.0,0.0,0.0,0.0,0.0,0.0,0.0,0.0,0.0
2020-12-01,292610,0.0,1.0,0.0,0.0,0.0,0.0,0.0,1.0,0.0,0.0,0.0,0.0,0.0,0.0,0.0,0.0
2020-12-01,292780,0.0,1.0,0.0,0.0,0.0,0.0,0.0,1.0,0.0,1.0,0.0,0.0,0.0,0.0,0.0,1.0
2020-12-01,292880,0.0,1.0,0.0,0.0,0.0,0.0,0.0,1.0,0.0,0.0,0.0,0.0,0.0,0.0,0.0,0.0
2020-12-01,292920,0.0,2.0,0.0,0.0,0.0,0.0,0.0,2.0,0.0,0.0,0.0,0.0,0.0,0.0,0.0,0.0
2020-12-01,292980,0.0,2.0,0.0,0.0,0.0,0.0,0.0,2.0,0.0,0.0,0.0,0.0,0.0,0.0,0.0,0.0
2020-12-01,293030,0.0,1.0,0.0,0.0,0.0,0.0,0.0,1.0,0.0,0.0,0.0,0.0,0.0,0.0,0.0,0.0
2020-12-01,293350,0.0,1.0,0.0,0.0,0.0,0.0,0.0,1.0,0.0,1.0,0.0,0.0,0.0,0.0,0.0,1.0
2020-12-01,310120,0.0,1.0,0.0,0.0,0.0,0.0,0.0,1.0,0.0,0.0,0.0,0.0,0.0,0.0,0.0,0.0
2020-12-01,310190,0.0,4.0,0.0,0.0,0.0,0.0,0.0,4.0,0.0,1.0,0.0,0.0,0.0,0.0,0.0,1.0
2020-12-01,310390,0.0,1.0,0.0,0.0,0.0,0.0,0.0,1.0,0.0,1.0,0.0,0.0,0.0,0.0,0.0,1.0
2020-12-01,310540,0.0,1.0,0.0,0.0,0.0,0.0,0.0,1.0,0.0,1.0,0.0,0.0,0.0,0.0,0.0,1.0
2020-12-01,310570,0.0,1.0,0.0,0.0,0.0,0.0,0.0,1.0,0.0,0.0,0.0,0.0,0.0,0.0,0.0,0.0
2020-12-01,310840,0.0,5.0,0.0,0.0,0.0,0.0,0.0,5.0,0.0,2.0,0.0,0.0,0.0,0.0,0.0,2.0
2020-12-01,310910,0.0,1.0,1.0,1.0,0.0,0.0,0.0,3.0,0.0,1.0,1.0,0.0,0.0,0.0,0.0,2.0
2020-12-01,311130,0.0,1.0,0.0,0.0,0.0,0.0,0.0,1.0,0.0,0.0,0.0,0.0,0.0,0.0,0.0,0.0
2020-12-01,311410,0.0,1.0,1.0,0.0,0.0,0.0,0.0,2.0,0.0,1.0,1.0,0.0,0.0,0.0,0.0,2.0
2020-12-01,312080,0.0,2.0,0.0,0.0,0.0,0.0,0.0,2.0,0.0,2.0,0.0,0.0,0.0,0.0,0.0,2.0
2020-12-01,312200,0.0,3.0,1.0,0.0,0.0,0.0,0.0,4.0,0.0,0.0,0.0,0.0,0.0,0.0,0.0,0.0
2020-12-01,312240,0.0,2.0,0.0,0.0,0.0,0.0,0.0,2.0,0.0,0.0,0.0,0.0,0.0,0.0,0.0,0.0
2020-12-01,312280,0.0,1.0,0.0,0.0,0.0,0.0,0.0,1.0,0.0,0.0,0.0,0.0,0.0,0.0,0.0,0.0
2020-12-01,312300,0.0,1.0,0.0,0.0,0.0,0.0,0.0,1.0,0.0,0.0,0.0,0.0,0.0,0.0,0.0,0.0
2020-12-01,312450,0.0,1.0,0.0,0.0,0.0,0.0,0.0,1.0,0.0,0.0,0.0,0.0,0.0,0.0,0.0,0.0
2020-12-01,312490,0.0,1.0,3.0,0.0,0.0,0.0,0.0,4.0,0.0,0.0,0.0,0.0,0.0,0.0,0.0,0.0
2020-12-01,312630,0.0,1.0,0.0,0.0,0.0,0.0,0.0,1.0,0.0,0.0,0.0,0.0,0.0,0.0,0.0,0.0
2020-12-01,312970,0.0,7.0,0.0,0.0,0.0,0.0,0.0,7.0,0.0,3.0,0.0,0.0,0.0,0.0,0.0,3.0
2020-12-01,313010,0.0,2.0,0.0,0.0,0.0,0.0,0.0,2.0,0.0,1.0,0.0,0.0,0.0,0.0,0.0,1.0
2020-12-01,313090,0.0,1.0,0.0,0.0,0.0,0.0,0.0,1.0,0.0,0.0,0.0,0.0,0.0,0.0,0.0,0.0
2020-12-01,313140,0.0,1.0,0.0,0.0,0.0,0.0,0.0,1.0,0.0,0.0,0.0,0.0,0.0,0.0,0.0,0.0
2020-12-01,313240,0.0,1.0,0.0,0.0,0.0,0.0,0.0,1.0,0.0,0.0,0.0,0.0,0.0,0.0,0.0,0.0
2020-12-01,313290,0.0,6.0,0.0,0.0,0.0,0.0,0.0,6.0,0.0,0.0,0.0,0.0,0.0,0.0,0.0,0.0
2020-12-01,313375,0.0,2.0,1.0,0.0,0.0,0.0,0.0,3.0,0.0,0.0,0.0,0.0,0.0,0.0,0.0,0.0
2020-12-01,313400,0.0,1.0,0.0,0.0,0.0,0.0,0.0,1.0,0.0,0.0,0.0,0.0,0.0,0.0,0.0,0.0
2020-12-01,313590,0.0,1.0,0.0,0.0,0.0,0.0,0.0,1.0,0.0,0.0,0.0,0.0,0.0,0.0,0.0,0.0
2020-12-01,313600,0.0,1.0,0.0,0.0,0.0,0.0,0.0,1.0,0.0,0.0,0.0,0.0,0.0,0.0,0.0,0.0
2020-12-01,313950,0.0,1.0,0.0,0.0,0.0,0.0,0.0,1.0,0.0,1.0,0.0,0.0,0.0,0.0,0.0,1.0
2020-12-01,314060,0.0,1.0,0.0,0.0,0.0,0.0,0.0,1.0,0.0,0.0,0.0,0.0,0.0,0.0,0.0,0.0
2020-12-01,314110,0.0,1.0,0.0,0.0,0.0,0.0,0.0,1.0,0.0,1.0,0.0,0.0,0.0,0.0,0.0,1.0
2020-12-01,314210,0.0,2.0,0.0,0.0,0.0,0.0,0.0,2.0,0.0,0.0,0.0,0.0,0.0,0.0,0.0,0.0
2020-12-01,314410,0.0,5.0,1.0,0.0,0.0,0.0,0.0,6.0,0.0,0.0,0.0,0.0,0.0,0.0,0.0,0.0
2020-12-01,315260,0.0,1.0,0.0,0.0,0.0,0.0,0.0,1.0,0.0,0.0,0.0,0.0,0.0,0.0,0.0,0.0
2020-12-01,315415,0.0,2.0,0.0,0.0,0.0,0.0,0.0,2.0,0.0,0.0,0.0,0.0,0.0,0.0,0.0,0.0
2020-12-01,315645,0.0,1.0,0.0,0.0,0.0,0.0,0.0,1.0,0.0,0.0,0.0,0.0,0.0,0.0,0.0,0.0
2020-12-01,315800,0.0,1.0,0.0,0.0,0.0,0.0,0.0,1.0,0.0,0.0,0.0,0.0,0.0,0.0,0.0,0.0
2020-12-01,315920,0.0,2.0,0.0,0.0,0.0,0.0,0.0,2.0,0.0,1.0,0.0,0.0,0.0,0.0,0.0,1.0
2020-12-01,316010,0.0,1.0,0.0,0.0,0.0,0.0,0.0,1.0,0.0,0.0,0.0,0.0,0.0,0.0,0.0,0.0
2020-12-01,316030,0.0,1.0,0.0,0.0,0.0,0.0,0.0,1.0,0.0,1.0,0.0,0.0,0.0,0.0,0.0,1.0
2020-12-01,316360,0.0,1.0,0.0,0.0,0.0,0.0,0.0,1.0,0.0,1.0,0.0,0.0,0.0,0.0,0.0,1.0
2020-12-01,316530,0.0,1.0,0.0,0.0,0.0,0.0,0.0,1.0,0.0,1.0,0.0,0.0,0.0,0.0,0.0,1.0
2020-12-01,316870,0.0,1.0,0.0,0.0,0.0,0.0,0.0,1.0,0.0,1.0,0.0,0.0,0.0,0.0,0.0,1.0
2020-12-01,317160,0.0,1.0,0.0,0.0,0.0,0.0,0.0,1.0,0.0,1.0,0.0,0.0,0.0,0.0,0.0,1.0
2020-12-01,320080,0.0,1.0,0.0,0.0,0.0,0.0,0.0,1.0,0.0,0.0,0.0,0.0,0.0,0.0,0.0,0.0
2020-12-01,320090,0.0,1.0,0.0,0.0,0.0,0.0,0.0,1.0,0.0,1.0,0.0,0.0,0.0,0.0,0.0,1.0
2020-12-01,320115,0.0,1.0,0.0,0.0,0.0,0.0,0.0,1.0,0.0,0.0,0.0,0.0,0.0,0.0,0.0,0.0
2020-12-01,320410,0.0,1.0,0.0,0.0,0.0,0.0,0.0,1.0,0.0,0.0,0.0,0.0,0.0,0.0,0.0,0.0
2020-12-01,320465,0.0,1.0,0.0,0.0,0.0,0.0,0.0,1.0,0.0,0.0,0.0,0.0,0.0,0.0,0.0,0.0
2020-12-01,330020,0.0,1.0,0.0,0.0,0.0,0.0,0.0,1.0,0.0,0.0,0.0,0.0,0.0,0.0,0.0,0.0
2020-12-01,330227,0.0,1.0,0.0,0.0,0.0,0.0,0.0,1.0,0.0,0.0,0.0,0.0,0.0,0.0,0.0,0.0
2020-12-01,330250,0.0,7.0,0.0,0.0,0.0,0.0,0.0,7.0,0.0,2.0,0.0,0.0,0.0,0.0,0.0,2.0
2020-12-01,330452,0.0,1.0,0.0,0.0,0.0,0.0,0.0,1.0,0.0,0.0,0.0,0.0,0.0,0.0,0.0,0.0
2020-12-01,350115,0.0,1.0,0.0,0.0,0.0,0.0,0.0,1.0,0.0,0.0,0.0,0.0,0.0,0.0,0.0,0.0
2020-12-01,351930,0.0,1.0,0.0,0.0,0.0,0.0,0.0,1.0,0.0,1.0,0.0,0.0,0.0,0.0,0.0,1.0
2020-12-01,352030,0.0,1.0,0.0,0.0,0.0,0.0,0.0,1.0,0.0,0.0,0.0,0.0,0.0,0.0,0.0,0.0
2020-12-01,352490,0.0,1.0,0.0,0.0,0.0,0.0,0.0,1.0,0.0,0.0,0.0,0.0,0.0,0.0,0.0,0.0
2020-12-01,352620,0.0,1.0,1.0,0.0,0.0,0.0,0.0,2.0,0.0,0.0,1.0,0.0,0.0,0.0,0.0,1.0
2020-12-01,352650,0.0,1.0,0.0,0.0,0.0,0.0,0.0,1.0,0.0,1.0,0.0,0.0,0.0,0.0,0.0,1.0
2020-12-01,353860,0.0,1.0,0.0,0.0,0.0,0.0,0.0,1.0,0.0,1.0,0.0,0.0,0.0,0.0,0.0,1.0
2020-12-01,355020,0.0,2.0,1.0,0.0,0.0,0.0,0.0,3.0,0.0,0.0,1.0,0.0,0.0,0.0,0.0,1.0
2020-12-01,355560,0.0,1.0,0.0,0.0,0.0,0.0,0.0,1.0,0.0,1.0,0.0,0.0,0.0,0.0,0.0,1.0
2020-12-01,355680,0.0,1.0,0.0,0.0,0.0,0.0,0.0,1.0,0.0,1.0,0.0,0.0,0.0,0.0,0.0,1.0
2020-12-01,410845,0.0,1.0,0.0,0.0,0.0,0.0,0.0,1.0,0.0,0.0,0.0,0.0,0.0,0.0,0.0,0.0
2020-12-01,411295,0.0,1.0,0.0,0.0,0.0,0.0,0.0,1.0,0.0,1.0,0.0,0.0,0.0,0.0,0.0,1.0
2020-12-01,411630,0.0,1.0,0.0,0.0,0.0,0.0,0.0,1.0,0.0,1.0,0.0,0.0,0.0,0.0,0.0,1.0
2020-12-01,412120,0.0,1.0,0.0,0.0,0.0,0.0,0.0,1.0,0.0,0.0,0.0,0.0,0.0,0.0,0.0,0.0
2020-12-01,412650,0.0,2.0,0.0,0.0,0.0,0.0,0.0,2.0,0.0,2.0,0.0,0.0,0.0,0.0,0.0,2.0
2020-12-01,420060,0.0,1.0,0.0,0.0,0.0,0.0,0.0,1.0,0.0,1.0,0.0,0.0,0.0,0.0,0.0,1.0
2020-12-01,420170,0.0,1.0,0.0,0.0,0.0,0.0,0.0,1.0,0.0,0.0,0.0,0.0,0.0,0.0,0.0,0.0
2020-12-01,421250,0.0,2.0,1.0,0.0,0.0,0.0,0.0,3.0,0.0,0.0,1.0,0.0,0.0,0.0,0.0,1.0
2020-12-01,421260,0.0,1.0,0.0,0.0,0.0,0.0,0.0,1.0,0.0,0.0,0.0,0.0,0.0,0.0,0.0,0.0
2020-12-01,421580,0.0,2.0,5.0,0.0,0.0,0.0,0.0,7.0,0.0,1.0,5.0,0.0,0.0,0.0,0.0,6.0
2020-12-01,430543,0.0,1.0,0.0,0.0,0.0,0.0,0.0,1.0,0.0,0.0,0.0,0.0,0.0,0.0,0.0,0.0
2020-12-01,430960,0.0,1.0,3.0,0.0,0.0,0.0,0.0,4.0,0.0,0.0,0.0,0.0,0.0,0.0,0.0,0.0
2020-12-01,430995,0.0,1.0,0.0,0.0,0.0,0.0,0.0,1.0,0.0,1.0,0.0,0.0,0.0,0.0,0.0,1.0
2020-12-01,431244,0.0,1.0,0.0,0.0,0.0,0.0,0.0,1.0,0.0,1.0,0.0,0.0,0.0,0.0,0.0,1.0
2020-12-01,431310,0.0,3.0,0.0,0.0,0.0,0.0,0.0,3.0,0.0,0.0,0.0,0.0,0.0,0.0,0.0,0.0
2020-12-01,431380,0.0,1.0,0.0,0.0,0.0,0.0,0.0,1.0,0.0,1.0,0.0,0.0,0.0,0.0,0.0,1.0
2020-12-01,431935,0.0,1.0,0.0,0.0,0.0,0.0,0.0,1.0,0.0,0.0,0.0,0.0,0.0,0.0,0.0,0.0
2020-12-01,432055,0.0,1.0,1.0,0.0,0.0,0.0,0.0,2.0,0.0,1.0,0.0,0.0,0.0,0.0,0.0,1.0
2020-12-01,500315,0.0,1.0,0.0,0.0,0.0,0.0,0.0,1.0,0.0,1.0,0.0,0.0,0.0,0.0,0.0,1.0
2020-12-01,500320,0.0,1.0,0.0,0.0,0.0,0.0,0.0,1.0,0.0,1.0,0.0,0.0,0.0,0.0,0.0,1.0
2020-12-01,500345,0.0,1.0,0.0,0.0,0.0,0.0,0.0,1.0,0.0,0.0,0.0,0.0,0.0,0.0,0.0,0.0
2020-12-01,500520,0.0,1.0,1.0,0.0,0.0,0.0,0.0,2.0,0.0,1.0,1.0,0.0,0.0,0.0,0.0,2.0
2020-12-01,510180,0.0,3.0,1.0,0.0,0.0,0.0,0.0,4.0,0.0,1.0,1.0,0.0,0.0,0.0,0.0,2.0
2020-12-01,510190,0.0,1.0,0.0,0.0,0.0,0.0,0.0,1.0,0.0,0.0,0.0,0.0,0.0,0.0,0.0,0.0
2020-12-01,510515,0.0,1.0,1.0,0.0,0.0,0.0,0.0,2.0,0.0,0.0,0.0,0.0,0.0,0.0,0.0,0.0
2020-12-01,510619,0.0,1.0,0.0,0.0,0.0,0.0,0.0,1.0,0.0,0.0,0.0,0.0,0.0,0.0,0.0,0.0
2020-12-01,510677,0.0,1.0,0.0,0.0,0.0,0.0,0.0,1.0,0.0,0.0,0.0,0.0,0.0,0.0,0.0,0.0
2020-12-01,510777,0.0,1.0,0.0,0.0,0.0,0.0,0.0,1.0,0.0,0.0,0.0,0.0,0.0,0.0,0.0,0.0
2020-12-01,510790,0.0,1.0,0.0,0.0,0.0,0.0,0.0,1.0,0.0,0.0,0.0,0.0,0.0,0.0,0.0,0.0
2020-12-01,520380,0.0,1.0,0.0,0.0,0.0,0.0,0.0,1.0,0.0,0.0,0.0,0.0,0.0,0.0,0.0,0.0
2020-12-01,520440,0.0,2.0,0.0,0.0,0.0,0.0,0.0,2.0,0.0,0.0,0.0,0.0,0.0,0.0,0.0,0.0
2020-12-01,520753,0.0,1.0,0.0,0.0,0.0,0.0,0.0,1.0,0.0,0.0,0.0,0.0,0.0,0.0,0.0,0.0
2020-12-01,520910,0.0,2.0,0.0,0.0,0.0,0.0,0.0,2.0,0.0,1.0,0.0,0.0,0.0,0.0,0.0,1.0
2020-12-01,521015,0.0,1.0,0.0,0.0,0.0,0.0,0.0,1.0,0.0,1.0,0.0,0.0,0.0,0.0,0.0,1.0
2020-12-01,521120,0.0,1.0,0.0,0.0,0.0,0.0,0.0,1.0,0.0,0.0,0.0,0.0,0.0,0.0,0.0,0.0
2020-12-01,521295,0.0,1.0,0.0,0.0,0.0,0.0,0.0,1.0,0.0,0.0,0.0,0.0,0.0,0.0,0.0,0.0
2020-12-01,521720,0.0,2.0,0.0,0.0,0.0,0.0,0.0,2.0,0.0,2.0,0.0,0.0,0.0,0.0,0.0,2.0
2020-12-01,521975,0.0,2.0,0.0,0.0,0.0,0.0,0.0,2.0,0.0,1.0,0.0,0.0,0.0,0.0,0.0,1.0
2020-12-01,522020,0.0,1.0,0.0,0.0,0.0,0.0,0.0,1.0,0.0,0.0,0.0,0.0,0.0,0.0,0.0,0.0
2020-12-01,110009,0.0,0.0,1.0,0.0,0.0,0.0,0.0,1.0,0.0,0.0,0.0,0.0,0.0,0.0,0.0,0.0
2020-12-01,110018,0.0,0.0,1.0,0.0,0.0,0.0,0.0,1.0,0.0,0.0,0.0,0.0,0.0,0.0,0.0,0.0
2020-12-01,110050,0.0,0.0,1.0,0.0,0.0,0.0,0.0,1.0,0.0,0.0,1.0,0.0,0.0,0.0,0.0,1.0
2020-12-01,110094,0.0,0.0,1.0,0.0,0.0,0.0,0.0,1.0,0.0,0.0,1.0,0.0,0.0,0.0,0.0,1.0
2020-12-01,110175,0.0,0.0,1.0,0.0,0.0,0.0,0.0,1.0,0.0,0.0,1.0,0.0,0.0,0.0,0.0,1.0
2020-12-01,120038,0.0,0.0,1.0,0.0,0.0,0.0,0.0,1.0,0.0,0.0,0.0,0.0,0.0,0.0,0.0,0.0
2020-12-01,120050,0.0,0.0,1.0,0.0,0.0,0.0,0.0,1.0,0.0,0.0,1.0,0.0,0.0,0.0,0.0,1.0
2020-12-01,130120,0.0,0.0,3.0,0.0,0.0,0.0,0.0,3.0,0.0,0.0,3.0,0.0,0.0,0.0,0.0,3.0
2020-12-01,150635,0.0,0.0,1.0,0.0,0.0,0.0,0.0,1.0,0.0,0.0,0.0,0.0,0.0,0.0,0.0,0.0
2020-12-01,170610,0.0,0.0,1.0,0.0,0.0,0.0,0.0,1.0,0.0,0.0,1.0,0.0,0.0,0.0,0.0,1.0
2020-12-01,170755,0.0,0.0,1.0,0.0,0.0,0.0,0.0,1.0,0.0,0.0,1.0,0.0,0.0,0.0,0.0,1.0
2020-12-01,171420,0.0,0.0,2.0,0.0,0.0,0.0,0.0,2.0,0.0,0.0,0.0,0.0,0.0,0.0,0.0,0.0
2020-12-01,171550,0.0,0.0,3.0,0.0,0.0,0.0,0.0,3.0,0.0,0.0,3.0,0.0,0.0,0.0,0.0,3.0
2020-12-01,171750,0.0,0.0,1.0,0.0,0.0,0.0,0.0,1.0,0.0,0.0,0.0,0.0,0.0,0.0,0.0,0.0
2020-12-01,210070,0.0,0.0,2.0,0.0,0.0,0.0,0.0,2.0,0.0,0.0,0.0,0.0,0.0,0.0,0.0,0.0
2020-12-01,210140,0.0,0.0,1.0,2.0,0.0,0.0,0.0,3.0,0.0,0.0,0.0,1.0,0.0,0.0,0.0,1.0
2020-12-01,220410,0.0,0.0,1.0,0.0,0.0,0.0,0.0,1.0,0.0,0.0,0.0,0.0,0.0,0.0,0.0,0.0
2020-12-01,230310,0.0,0.0,1.0,0.0,0.0,0.0,0.0,1.0,0.0,0.0,1.0,0.0,0.0,0.0,0.0,1.0
2020-12-01,230760,0.0,0.0,2.0,0.0,0.0,0.0,0.0,2.0,0.0,0.0,2.0,0.0,0.0,0.0,0.0,2.0
2020-12-01,230890,0.0,0.0,1.0,0.0,0.0,0.0,0.0,1.0,0.0,0.0,1.0,0.0,0.0,0.0,0.0,1.0
2020-12-01,231320,0.0,0.0,1.0,0.0,0.0,0.0,0.0,1.0,0.0,0.0,0.0,0.0,0.0,0.0,0.0,0.0
2020-12-01,240240,0.0,0.0,2.0,0.0,0.0,0.0,0.0,2.0,0.0,0.0,1.0,0.0,0.0,0.0,0.0,1.0
2020-12-01,240270,0.0,0.0,1.0,0.0,0.0,0.0,0.0,1.0,0.0,0.0,0.0,0.0,0.0,0.0,0.0,0.0
2020-12-01,240380,0.0,0.0,1.0,0.0,0.0,0.0,0.0,1.0,0.0,0.0,0.0,0.0,0.0,0.0,0.0,0.0
2020-12-01,241090,0.0,0.0,3.0,0.0,0.0,0.0,0.0,3.0,0.0,0.0,3.0,0.0,0.0,0.0,0.0,3.0
2020-12-01,241290,0.0,0.0,1.0,0.0,0.0,0.0,0.0,1.0,0.0,0.0,0.0,0.0,0.0,0.0,0.0,0.0
2020-12-01,241340,0.0,0.0,1.0,0.0,0.0,0.0,0.0,1.0,0.0,0.0,1.0,0.0,0.0,0.0,0.0,1.0
2020-12-01,290310,0.0,0.0,1.0,0.0,0.0,0.0,0.0,1.0,0.0,0.0,0.0,0.0,0.0,0.0,0.0,0.0
2020-12-01,292100,0.0,0.0,1.0,0.0,0.0,0.0,0.0,1.0,0.0,0.0,0.0,0.0,0.0,0.0,0.0,0.0
2020-12-01,310150,0.0,0.0,1.0,0.0,0.0,0.0,0.0,1.0,0.0,0.0,0.0,0.0,0.0,0.0,0.0,0.0
2020-12-01,310445,0.0,0.0,1.0,0.0,0.0,0.0,0.0,1.0,0.0,0.0,1.0,0.0,0.0,0.0,0.0,1.0
2020-12-01,310700,0.0,0.0,1.0,0.0,0.0,0.0,0.0,1.0,0.0,0.0,0.0,0.0,0.0,0.0,0.0,0.0
2020-12-01,310990,0.0,0.0,1.0,0.0,0.0,0.0,0.0,1.0,0.0,0.0,1.0,0.0,0.0,0.0,0.0,1.0
2020-12-01,311140,0.0,0.0,1.0,0.0,0.0,0.0,0.0,1.0,0.0,0.0,0.0,0.0,0.0,0.0,0.0,0.0
2020-12-01,311240,0.0,0.0,1.0,0.0,0.0,0.0,0.0,1.0,0.0,0.0,0.0,0.0,0.0,0.0,0.0,0.0
2020-12-01,311270,0.0,0.0,1.0,0.0,0.0,0.0,0.0,1.0,0.0,0.0,0.0,0.0,0.0,0.0,0.0,0.0
2020-12-01,311750,0.0,0.0,1.0,0.0,0.0,0.0,0.0,1.0,0.0,0.0,0.0,0.0,0.0,0.0,0.0,0.0
2020-12-01,312125,0.0,0.0,1.0,0.0,0.0,0.0,0.0,1.0,0.0,0.0,1.0,0.0,0.0,0.0,0.0,1.0
2020-12-01,312400,0.0,0.0,2.0,0.0,0.0,0.0,0.0,2.0,0.0,0.0,0.0,0.0,0.0,0.0,0.0,0.0
2020-12-01,312420,0.0,0.0,1.0,0.0,0.0,0.0,0.0,1.0,0.0,0.0,0.0,0.0,0.0,0.0,0.0,0.0
2020-12-01,312440,0.0,0.0,1.0,0.0,0.0,0.0,0.0,1.0,0.0,0.0,0.0,0.0,0.0,0.0,0.0,0.0
2020-12-01,312540,0.0,0.0,1.0,0.0,0.0,0.0,0.0,1.0,0.0,0.0,0.0,0.0,0.0,0.0,0.0,0.0
2020-12-01,312590,0.0,0.0,1.0,0.0,0.0,0.0,0.0,1.0,0.0,0.0,1.0,0.0,0.0,0.0,0.0,1.0
2020-12-01,312720,0.0,0.0,1.0,0.0,0.0,0.0,0.0,1.0,0.0,0.0,1.0,0.0,0.0,0.0,0.0,1.0
2020-12-01,312770,0.0,0.0,1.0,0.0,0.0,0.0,0.0,1.0,0.0,0.0,1.0,0.0,0.0,0.0,0.0,1.0
2020-12-01,312920,0.0,0.0,1.0,0.0,0.0,0.0,0.0,1.0,0.0,0.0,0.0,0.0,0.0,0.0,0.0,0.0
2020-12-01,313200,0.0,0.0,1.0,0.0,0.0,0.0,0.0,1.0,0.0,0.0,1.0,0.0,0.0,0.0,0.0,1.0
2020-12-01,313760,0.0,0.0,3.0,0.0,0.0,0.0,0.0,3.0,0.0,0.0,3.0,0.0,0.0,0.0,0.0,3.0
2020-12-01,314160,0.0,0.0,1.0,0.0,0.0,0.0,0.0,1.0,0.0,0.0,0.0,0.0,0.0,0.0,0.0,0.0
2020-12-01,314390,0.0,0.0,1.0,0.0,1.0,0.0,0.0,2.0,0.0,0.0,0.0,0.0,0.0,0.0,0.0,0.0
2020-12-01,314545,0.0,0.0,1.0,0.0,0.0,0.0,0.0,1.0,0.0,0.0,0.0,0.0,0.0,0.0,0.0,0.0
2020-12-01,314690,0.0,0.0,1.0,0.0,0.0,0.0,0.0,1.0,0.0,0.0,0.0,0.0,0.0,0.0,0.0,0.0
2020-12-01,315300,0.0,0.0,1.0,0.0,0.0,0.0,0.0,1.0,0.0,0.0,0.0,0.0,0.0,0.0,0.0,0.0
2020-12-01,316240,0.0,0.0,1.0,0.0,0.0,0.0,0.0,1.0,0.0,0.0,1.0,0.0,0.0,0.0,0.0,1.0
2020-12-01,316920,0.0,0.0,1.0,0.0,0.0,0.0,0.0,1.0,0.0,0.0,0.0,0.0,0.0,0.0,0.0,0.0
2020-12-01,320100,0.0,0.0,1.0,0.0,0.0,0.0,0.0,1.0,0.0,0.0,0.0,0.0,0.0,0.0,0.0,0.0
2020-12-01,320255,0.0,0.0,1.0,0.0,0.0,0.0,0.0,1.0,0.0,0.0,0.0,0.0,0.0,0.0,0.0,0.0
2020-12-01,320280,0.0,0.0,1.0,0.0,0.0,0.0,0.0,1.0,0.0,0.0,0.0,0.0,0.0,0.0,0.0,0.0
2020-12-01,350210,0.0,0.0,1.0,0.0,0.0,0.0,0.0,1.0,0.0,0.0,1.0,0.0,0.0,0.0,0.0,1.0
2020-12-01,350430,0.0,0.0,1.0,0.0,0.0,0.0,0.0,1.0,0.0,0.0,0.0,0.0,0.0,0.0,0.0,0.0
2020-12-01,350460,0.0,0.0,2.0,0.0,0.0,0.0,0.0,2.0,0.0,0.0,1.0,0.0,0.0,0.0,0.0,1.0
2020-12-01,351690,0.0,0.0,1.0,0.0,0.0,0.0,0.0,1.0,0.0,0.0,1.0,0.0,0.0,0.0,0.0,1.0
2020-12-01,351710,0.0,0.0,1.0,0.0,0.0,0.0,0.0,1.0,0.0,0.0,1.0,0.0,0.0,0.0,0.0,1.0
2020-12-01,352020,0.0,0.0,1.0,0.0,0.0,0.0,0.0,1.0,0.0,0.0,0.0,0.0,0.0,0.0,0.0,0.0
2020-12-01,353160,0.0,0.0,1.0,0.0,0.0,0.0,0.0,1.0,0.0,0.0,1.0,0.0,0.0,0.0,0.0,1.0
2020-12-01,353360,0.0,0.0,1.0,0.0,0.0,0.0,0.0,1.0,0.0,0.0,1.0,0.0,0.0,0.0,0.0,1.0
2020-12-01,353480,0.0,0.0,1.0,0.0,0.0,0.0,0.0,1.0,0.0,0.0,1.0,0.0,0.0,0.0,0.0,1.0
2020-12-01,353520,0.0,0.0,1.0,0.0,0.0,0.0,0.0,1.0,0.0,0.0,0.0,0.0,0.0,0.0,0.0,0.0
2020-12-01,354325,0.0,0.0,1.0,0.0,0.0,0.0,0.0,1.0,0.0,0.0,0.0,0.0,0.0,0.0,0.0,0.0
2020-12-01,354360,0.0,0.0,1.0,0.0,0.0,0.0,0.0,1.0,0.0,0.0,0.0,0.0,0.0,0.0,0.0,0.0
2020-12-01,354380,0.0,0.0,1.0,0.0,0.0,0.0,0.0,1.0,0.0,0.0,0.0,0.0,0.0,0.0,0.0,0.0
2020-12-01,354490,0.0,0.0,1.0,0.0,0.0,0.0,0.0,1.0,0.0,0.0,0.0,0.0,0.0,0.0,0.0,0.0
2020-12-01,354625,0.0,0.0,1.0,0.0,0.0,0.0,0.0,1.0,0.0,0.0,1.0,0.0,0.0,0.0,0.0,1.0
2020-12-01,354900,0.0,0.0,1.0,0.0,0.0,0.0,0.0,1.0,0.0,0.0,0.0,0.0,0.0,0.0,0.0,0.0
2020-12-01,355510,0.0,0.0,1.0,0.0,0.0,0.0,0.0,1.0,0.0,0.0,0.0,0.0,0.0,0.0,0.0,0.0
2020-12-01,355590,0.0,0.0,1.0,0.0,0.0,0.0,0.0,1.0,0.0,0.0,0.0,0.0,0.0,0.0,0.0,0.0
2020-12-01,410110,0.0,0.0,1.0,0.0,0.0,0.0,0.0,1.0,0.0,0.0,0.0,0.0,0.0,0.0,0.0,0.0
2020-12-01,410990,0.0,0.0,1.0,0.0,0.0,0.0,0.0,1.0,0.0,0.0,0.0,0.0,0.0,0.0,0.0,0.0
2020-12-01,411240,0.0,0.0,2.0,0.0,0.0,0.0,0.0,2.0,0.0,0.0,0.0,0.0,0.0,0.0,0.0,0.0
2020-12-01,411300,0.0,0.0,1.0,1.0,0.0,0.0,0.0,2.0,0.0,0.0,1.0,0.0,0.0,0.0,0.0,1.0
2020-12-01,411695,0.0,0.0,1.0,0.0,0.0,0.0,0.0,1.0,0.0,0.0,0.0,0.0,0.0,0.0,0.0,0.0
2020-12-01,411722,0.0,0.0,2.0,0.0,0.0,0.0,0.0,2.0,0.0,0.0,1.0,0.0,0.0,0.0,0.0,1.0
2020-12-01,412402,0.0,0.0,1.0,0.0,0.0,0.0,0.0,1.0,0.0,0.0,0.0,0.0,0.0,0.0,0.0,0.0
2020-12-01,412640,0.0,0.0,1.0,0.0,0.0,0.0,0.0,1.0,0.0,0.0,0.0,0.0,0.0,0.0,0.0,0.0
2020-12-01,420130,0.0,0.0,1.0,0.0,0.0,0.0,0.0,1.0,0.0,0.0,0.0,0.0,0.0,0.0,0.0,0.0
2020-12-01,420215,0.0,0.0,1.0,0.0,0.0,0.0,0.0,1.0,0.0,0.0,0.0,0.0,0.0,0.0,0.0,0.0
2020-12-01,420253,0.0,0.0,1.0,0.0,0.0,0.0,0.0,1.0,0.0,0.0,0.0,0.0,0.0,0.0,0.0,0.0
2020-12-01,420370,0.0,0.0,1.0,0.0,0.0,0.0,0.0,1.0,0.0,0.0,1.0,0.0,0.0,0.0,0.0,1.0
2020-12-01,420415,0.0,0.0,1.0,0.0,0.0,0.0,0.0,1.0,0.0,0.0,1.0,0.0,0.0,0.0,0.0,1.0
2020-12-01,420445,0.0,0.0,1.0,0.0,0.0,0.0,0.0,1.0,0.0,0.0,0.0,0.0,0.0,0.0,0.0,0.0
2020-12-01,420475,0.0,0.0,1.0,0.0,0.0,0.0,0.0,1.0,0.0,0.0,0.0,0.0,0.0,0.0,0.0,0.0
2020-12-01,420543,0.0,0.0,1.0,1.0,0.0,0.0,0.0,2.0,0.0,0.0,1.0,0.0,0.0,0.0,0.0,1.0
2020-12-01,420580,0.0,0.0,1.0,0.0,0.0,0.0,0.0,1.0,0.0,0.0,1.0,0.0,0.0,0.0,0.0,1.0
2020-12-01,420640,0.0,0.0,1.0,1.0,0.0,0.0,0.0,2.0,0.0,0.0,0.0,0.0,0.0,0.0,0.0,0.0
2020-12-01,420650,0.0,0.0,1.0,0.0,0.0,0.0,0.0,1.0,0.0,0.0,0.0,0.0,0.0,0.0,0.0,0.0
2020-12-01,420765,0.0,0.0,2.0,0.0,0.0,0.0,0.0,2.0,0.0,0.0,0.0,0.0,0.0,0.0,0.0,0.0
2020-12-01,420915,0.0,0.0,1.0,0.0,0.0,0.0,0.0,1.0,0.0,0.0,1.0,0.0,0.0,0.0,0.0,1.0
2020-12-01,420917,0.0,0.0,2.0,0.0,0.0,0.0,0.0,2.0,0.0,0.0,2.0,0.0,0.0,0.0,0.0,2.0
2020-12-01,420950,0.0,0.0,1.0,0.0,0.0,0.0,0.0,1.0,0.0,0.0,1.0,0.0,0.0,0.0,0.0,1.0
2020-12-01,421085,0.0,0.0,2.0,0.0,0.0,0.0,0.0,2.0,0.0,0.0,2.0,0.0,0.0,0.0,0.0,2.0
2020-12-01,421120,0.0,0.0,3.0,0.0,0.0,0.0,0.0,3.0,0.0,0.0,2.0,0.0,0.0,0.0,0.0,2.0
2020-12-01,421165,0.0,0.0,2.0,0.0,0.0,0.0,0.0,2.0,0.0,0.0,0.0,0.0,0.0,0.0,0.0,0.0
2020-12-01,421520,0.0,0.0,1.0,0.0,0.0,0.0,0.0,1.0,0.0,0.0,0.0,0.0,0.0,0.0,0.0,0.0
2020-12-01,421690,0.0,0.0,7.0,0.0,0.0,0.0,0.0,7.0,0.0,0.0,4.0,0.0,0.0,0.0,0.0,4.0
2020-12-01,421860,0.0,0.0,5.0,0.0,0.0,0.0,0.0,5.0,0.0,0.0,1.0,0.0,0.0,0.0,0.0,1.0
2020-12-01,421880,0.0,0.0,1.0,0.0,0.0,0.0,0.0,1.0,0.0,0.0,0.0,0.0,0.0,0.0,0.0,0.0
2020-12-01,421915,0.0,0.0,1.0,0.0,0.0,0.0,0.0,1.0,0.0,0.0,1.0,0.0,0.0,0.0,0.0,1.0
2020-12-01,430070,0.0,0.0,2.0,0.0,0.0,0.0,0.0,2.0,0.0,0.0,0.0,0.0,0.0,0.0,0.0,0.0
2020-12-01,430237,0.0,0.0,1.0,0.0,0.0,0.0,0.0,1.0,0.0,0.0,0.0,0.0,0.0,0.0,0.0,0.0
2020-12-01,430265,0.0,0.0,1.0,0.0,0.0,0.0,0.0,1.0,0.0,0.0,0.0,0.0,0.0,0.0,0.0,0.0
2020-12-01,430430,0.0,0.0,2.0,0.0,0.0,0.0,0.0,2.0,0.0,0.0,1.0,0.0,0.0,0.0,0.0,1.0
2020-12-01,430461,0.0,0.0,1.0,0.0,0.0,0.0,0.0,1.0,0.0,0.0,0.0,0.0,0.0,0.0,0.0,0.0
2020-12-01,430467,0.0,0.0,2.0,0.0,0.0,0.0,0.0,2.0,0.0,0.0,0.0,0.0,0.0,0.0,0.0,0.0
2020-12-01,430469,0.0,0.0,1.0,0.0,0.0,0.0,0.0,1.0,0.0,0.0,1.0,0.0,0.0,0.0,0.0,1.0
2020-12-01,430471,0.0,0.0,2.0,0.0,0.0,0.0,0.0,2.0,0.0,0.0,0.0,0.0,0.0,0.0,0.0,0.0
2020-12-01,430512,0.0,0.0,1.0,0.0,0.0,0.0,0.0,1.0,0.0,0.0,0.0,0.0,0.0,0.0,0.0,0.0
2020-12-01,430570,0.0,0.0,1.0,0.0,0.0,0.0,0.0,1.0,0.0,0.0,0.0,0.0,0.0,0.0,0.0,0.0
2020-12-01,430607,0.0,0.0,1.0,0.0,0.0,0.0,0.0,1.0,0.0,0.0,0.0,0.0,0.0,0.0,0.0,0.0
2020-12-01,430613,0.0,0.0,1.0,0.0,0.0,0.0,0.0,1.0,0.0,0.0,0.0,0.0,0.0,0.0,0.0,0.0
2020-12-01,430630,0.0,0.0,1.0,0.0,0.0,0.0,0.0,1.0,0.0,0.0,1.0,0.0,0.0,0.0,0.0,1.0
2020-12-01,430781,0.0,0.0,1.0,0.0,0.0,0.0,0.0,1.0,0.0,0.0,0.0,0.0,0.0,0.0,0.0,0.0
2020-12-01,431215,0.0,0.0,1.0,0.0,0.0,0.0,0.0,1.0,0.0,0.0,0.0,0.0,0.0,0.0,0.0,0.0
2020-12-01,431260,0.0,0.0,1.0,0.0,0.0,0.0,0.0,1.0,0.0,0.0,1.0,0.0,0.0,0.0,0.0,1.0
2020-12-01,431280,0.0,0.0,1.0,0.0,0.0,0.0,0.0,1.0,0.0,0.0,0.0,0.0,0.0,0.0,0.0,0.0
2020-12-01,431303,0.0,0.0,2.0,0.0,0.0,0.0,0.0,2.0,0.0,0.0,0.0,0.0,0.0,0.0,0.0,0.0
2020-12-01,431339,0.0,0.0,1.0,0.0,0.0,0.0,0.0,1.0,0.0,0.0,1.0,0.0,0.0,0.0,0.0,1.0
2020-12-01,431400,0.0,0.0,1.0,0.0,0.0,0.0,0.0,1.0,0.0,0.0,0.0,0.0,0.0,0.0,0.0,0.0
2020-12-01,431413,0.0,0.0,1.0,0.0,0.0,0.0,0.0,1.0,0.0,0.0,0.0,0.0,0.0,0.0,0.0,0.0
2020-12-01,431475,0.0,0.0,1.0,0.0,0.0,0.0,0.0,1.0,0.0,0.0,0.0,0.0,0.0,0.0,0.0,0.0
2020-12-01,431513,0.0,0.0,2.0,0.0,0.0,0.0,0.0,2.0,0.0,0.0,2.0,0.0,0.0,0.0,0.0,2.0
2020-12-01,431515,0.0,0.0,5.0,0.0,0.0,0.0,0.0,5.0,0.0,0.0,1.0,0.0,0.0,0.0,0.0,1.0
2020-12-01,431647,0.0,0.0,1.0,0.0,0.0,0.0,0.0,1.0,0.0,0.0,0.0,0.0,0.0,0.0,0.0,0.0
2020-12-01,431805,0.0,0.0,1.0,0.0,0.0,0.0,0.0,1.0,0.0,0.0,1.0,0.0,0.0,0.0,0.0,1.0
2020-12-01,431846,0.0,0.0,2.0,0.0,0.0,0.0,0.0,2.0,0.0,0.0,2.0,0.0,0.0,0.0,0.0,2.0
2020-12-01,431848,0.0,0.0,1.0,0.0,0.0,0.0,0.0,1.0,0.0,0.0,0.0,0.0,0.0,0.0,0.0,0.0
2020-12-01,431862,0.0,0.0,1.0,0.0,0.0,0.0,0.0,1.0,0.0,0.0,0.0,0.0,0.0,0.0,0.0,0.0
2020-12-01,431912,0.0,0.0,1.0,0.0,0.0,0.0,0.0,1.0,0.0,0.0,0.0,0.0,0.0,0.0,0.0,0.0
2020-12-01,431915,0.0,0.0,1.0,0.0,0.0,0.0,0.0,1.0,0.0,0.0,0.0,0.0,0.0,0.0,0.0,0.0
2020-12-01,431930,0.0,0.0,1.0,0.0,0.0,0.0,0.0,1.0,0.0,0.0,1.0,0.0,0.0,0.0,0.0,1.0
2020-12-01,431975,0.0,0.0,1.0,0.0,0.0,0.0,0.0,1.0,0.0,0.0,1.0,0.0,0.0,0.0,0.0,1.0
2020-12-01,432023,0.0,0.0,1.0,0.0,0.0,0.0,0.0,1.0,0.0,0.0,0.0,0.0,0.0,0.0,0.0,0.0
2020-12-01,432030,0.0,0.0,1.0,0.0,0.0,0.0,0.0,1.0,0.0,0.0,0.0,0.0,0.0,0.0,0.0,0.0
2020-12-01,432132,0.0,0.0,1.0,0.0,0.0,0.0,0.0,1.0,0.0,0.0,0.0,0.0,0.0,0.0,0.0,0.0
2020-12-01,432135,0.0,0.0,2.0,0.0,0.0,0.0,0.0,2.0,0.0,0.0,0.0,0.0,0.0,0.0,0.0,0.0
2020-12-01,432143,0.0,0.0,2.0,0.0,0.0,0.0,0.0,2.0,0.0,0.0,2.0,0.0,0.0,0.0,0.0,2.0
2020-12-01,432147,0.0,0.0,1.0,0.0,0.0,0.0,0.0,1.0,0.0,0.0,0.0,0.0,0.0,0.0,0.0,0.0
2020-12-01,432160,0.0,0.0,3.0,0.0,0.0,0.0,0.0,3.0,0.0,0.0,2.0,0.0,0.0,0.0,0.0,2.0
2020-12-01,500200,0.0,0.0,1.0,0.0,0.0,0.0,0.0,1.0,0.0,0.0,1.0,0.0,0.0,0.0,0.0,1.0
2020-12-01,500470,0.0,0.0,1.0,0.0,0.0,0.0,0.0,1.0,0.0,0.0,0.0,0.0,0.0,0.0,0.0,0.0
2020-12-01,500790,0.0,0.0,1.0,0.0,0.0,0.0,0.0,1.0,0.0,0.0,0.0,0.0,0.0,0.0,0.0,0.0
2020-12-01,520995,0.0,0.0,1.0,1.0,0.0,0.0,0.0,2.0,0.0,0.0,0.0,0.0,0.0,0.0,0.0,0.0
2020-12-01,521400,0.0,0.0,1.0,0.0,0.0,0.0,0.0,1.0,0.0,0.0,0.0,0.0,0.0,0.0,0.0,0.0
2020-12-01,521486,0.0,0.0,1.0,0.0,0.0,0.0,0.0,1.0,0.0,0.0,0.0,0.0,0.0,0.0,0.0,0.0
2020-12-01,120060,0.0,0.0,0.0,1.0,0.0,0.0,0.0,1.0,0.0,0.0,0.0,0.0,0.0,0.0,0.0,0.0
2020-12-01,130083,0.0,0.0,0.0,1.0,0.0,0.0,0.0,1.0,0.0,0.0,0.0,0.0,0.0,0.0,0.0,0.0
2020-12-01,320020,0.0,0.0,0.0,1.0,0.0,0.0,0.0,1.0,0.0,0.0,0.0,0.0,0.0,0.0,0.0,0.0
2020-12-01,420450,0.0,0.0,0.0,1.0,0.0,0.0,0.0,1.0,0.0,0.0,0.0,1.0,0.0,0.0,0.0,1.0
2020-12-01,510682,0.0,0.0,0.0,1.0,0.0,0.0,0.0,1.0,0.0,0.0,0.0,0.0,0.0,0.0,0.0,0.0
2020-12-01,353820,0.0,0.0,0.0,0.0,1.0,0.0,0.0,1.0,0.0,0.0,0.0,0.0,1.0,0.0,0.0,1.0
2020-12-01,130380,0.0,0.0,0.0,0.0,0.0,1.0,0.0,1.0,0.0,0.0,0.0,0.0,0.0,0.0,0.0,0.0
2020-12-01,260360,0.0,0.0,0.0,0.0,0.0,1.0,0.0,1.0,0.0,0.0,0.0,0.0,0.0,0.0,0.0,0.0
